-1 0.35322690848236
-0.894736842105263 0.309802259625527
-0.789473684210526 0.124837110617201
-0.684210526315789 -0.179854467282462
-0.578947368421053 -0.521775260580296
-0.473684210526316 -0.778546959604401
-0.368421052631579 -0.834212341288874
-0.263157894736842 -0.632604991636986
-0.157894736842105 -0.211597087256371
-0.0526315789473685 0.301971142652196
0.0526315789473684 0.738545534638979
0.157894736842105 0.953842159707218
0.263157894736842 0.886951458303233
0.368421052631579 0.581374974294357
0.473684210526316 0.160599186123614
0.578947368421053 -0.227654398899546
0.684210526315789 -0.4705301385085
0.789473684210526 -0.526107340970266
0.894736842105263 -0.42454349264334
1 -0.240462049968584


-1 0.387639152337121 -0.761376724266626 -0.402827806397846
-0.96875 0.361088855049957 -0.940857709563343 -0.391114324567916
-0.9375 0.328650700690144 -1.13804619789947 -0.380321094725542
-0.90625 0.289792032827109 -1.35140552928505 -0.370640559835988
-0.875 0.244049450349972 -1.57799693128994 -0.362280840426076
-0.84375 0.191076414933005 -1.81324548855162 -0.355462845561358
-0.8125 0.13069723964334 -2.05077006836305 -0.350415791193128
-0.78125 0.0629650220923668 -2.28230611754748 -0.347370962172381
-0.75 -0.0117798657957796 -2.49775227488224 -0.346553645075169
-0.71875 -0.0928550489568139 -2.68536859587968 -0.348173279638959
-0.6875 -0.179190261274573 -2.8321466807653 -0.352412024057074
-0.65625 -0.269295841250284 -2.92436036556701 -0.359412096304214
-0.625 -0.361251194224585 -2.94829035084749 -0.369262428749354
-0.59375 -0.452718321543759 -2.89109817012549 -0.381985341704513
-0.5625 -0.540984449798423 -2.7418057460152 -0.397524085830603
-0.53125 -0.623036134097123 -2.49231841269226 -0.415732204930357
-0.5 -0.695665017565637 -2.13841395378134 -0.436365711848886
-0.46875 -0.75560283601969 -1.68061021062029 -0.459079036192631
-0.4375 -0.799680461655535 -1.12482119136875 -0.483425583774138
-0.40625 -0.825003037606716 -0.48271781353565 -0.50886354165022
-0.375 -0.829130854012792 0.228274963973111 -0.534767275450386
-0.34375 -0.810253845832226 0.985388290322262 -0.560444312610503
-0.3125 -0.76734671032475 1.76133862346602 -0.585157509997994
-0.28125 -0.70029183734391 2.5255512217898 -0.608151598172599
-0.25 -0.609958609311451 3.24571555563088 -0.628682912554386
-0.21875 -0.498230131562616 3.88957559862272 -0.646050800468181
-0.1875 -0.367971942240905 4.42683025117733 -0.659628965928079
-0.15625 -0.222941449846536 4.83100190106363 -0.668894907888748
-0.125 -0.0676413868968687 5.0811268311929 -0.673455639160438
-0.09375 0.0928749760847972 5.1631309483498 -0.673068046365408
-0.0625 0.253235176791542 5.07077763736543 -0.667652556709969
-0.03125 0.408000768657684 4.8061093515828 -0.657299192345656
0 0.551925894564443 4.37934735506223 -0.642265583989368
0.03125 0.680204340837732 3.80826037913856 -0.62296704082904
0.0625 0.788689235003836 3.11705795779824 -0.599959288698034
0.09375 0.874071923328262 2.33490315087264 -0.573914949496594
0.125 0.934010006206471 1.49416829834027 -0.545595204164452
0.15625 0.967198662007184 0.628573654903249 -0.515818331131123
0.1875 0.973383832542996 -0.228648949810969 -0.485426926360194
0.21875 0.953320144079081 -1.04643644743003 -0.455255587581722
0.25 0.908680202795475 -1.79731056961238 -0.426100694818552
0.28125 0.841924819356684 -2.45845236665064 -0.398693663754022
0.3125 0.756145580696809 -3.01239358128772 -0.37367871788647
0.34375 0.654891920559183 -3.44731930825569 -0.351595854200937
0.375 0.541994489782025 -3.75700911008763 -0.332869300161545
0.40625 0.421395346322322 -3.94047013978835 -0.317801408913126
0.4375 0.296993506801969 -4.00133382080526 -0.306571640274416
0.46875 0.172512004293048 -3.94709639689138 -0.299240044915894
0.5 0.0513900682333766 -3.78828346959209 -0.295754516623443
0.53125 -0.0632983556715905 -3.53761074213036 -0.295961002667227
0.5625 -0.168900583335533 -3.20919954147125 -0.299615857470241
0.59375 -0.263218075282597 -2.81788863070021 -0.306399576867094
0.625 -0.344519646417994 -2.37866573749536 -0.315931242796431
0.65625 -0.411538885832988 -1.90622525796577 -0.327783123792914
0.6875 -0.463459641482235 -1.41464443666681 -0.34149499870617
0.71875 -0.499893012715132 -0.917160072790551 -0.356587885937331
0.75 -0.520848629455401 -0.426021931815647 -0.37257695817666
0.78125 -0.526702216849944 0.0476025600027448 -0.388983497405561
0.8125 -0.51816067371912 0.493695682577329 -0.405345795180078
0.84375 -0.496225233422787 0.903447356167525 -0.421228930895065
0.875 -0.462152796250697 1.26931564127763 -0.436233370474017
0.90625 -0.417415257835382 1.58509473584231 -0.450002326003198
0.9375 -0.363656609833622 1.84598877272034 -0.462227810049785
0.96875 -0.302647730526079 2.04868432243646 -0.472655313180892
1 -0.236239066579499 2.19141086912055 -0.481087034761696
