-1 0.35322690848236
-0.894736842105263 0.309802259625527
-0.789473684210526 0.124837110617201
-0.684210526315789 -0.179854467282462
-0.578947368421053 -0.521775260580296
-0.473684210526316 -0.778546959604401
-0.368421052631579 -0.834212341288874
-0.263157894736842 -0.632604991636986
-0.157894736842105 -0.211597087256371
-0.0526315789473685 0.301971142652196
0.0526315789473684 0.738545534638979
0.157894736842105 0.953842159707218
0.263157894736842 0.886951458303233
0.368421052631579 0.581374974294357
0.473684210526316 0.160599186123614
0.578947368421053 -0.227654398899546
0.684210526315789 -0.4705301385085
0.789473684210526 -0.526107340970266
0.894736842105263 -0.42454349264334
1 -0.240462049968584


-1 0.387639152337121
-0.96875 0.361088855049957
-0.9375 0.328650700690144
-0.90625 0.289792032827109
-0.875 0.244049450349972
-0.84375 0.191076414933005
-0.8125 0.13069723964334
-0.78125 0.0629650220923668
-0.75 -0.0117798657957796
-0.71875 -0.0928550489568139
-0.6875 -0.179190261274573
-0.65625 -0.269295841250284
-0.625 -0.361251194224585
-0.59375 -0.452718321543759
-0.5625 -0.540984449798423
-0.53125 -0.623036134097123
-0.5 -0.695665017565637
-0.46875 -0.75560283601969
-0.4375 -0.799680461655535
-0.40625 -0.825003037606716
-0.375 -0.829130854012792
-0.34375 -0.810253845832226
-0.3125 -0.76734671032475
-0.28125 -0.70029183734391
-0.25 -0.609958609311451
-0.21875 -0.498230131562616
-0.1875 -0.367971942240905
-0.15625 -0.222941449846536
-0.125 -0.0676413868968687
-0.09375 0.0928749760847972
-0.0625 0.253235176791542
-0.03125 0.408000768657684
0 0.551925894564443
0.03125 0.680204340837732
0.0625 0.788689235003836
0.09375 0.874071923328262
0.125 0.934010006206471
0.15625 0.967198662007184
0.1875 0.973383832542996
0.21875 0.953320144079081
0.25 0.908680202795475
0.28125 0.841924819356684
0.3125 0.756145580696809
0.34375 0.654891920559183
0.375 0.541994489782025
0.40625 0.421395346322322
0.4375 0.296993506801969
0.46875 0.172512004293048
0.5 0.0513900682333766
0.53125 -0.0632983556715905
0.5625 -0.168900583335533
0.59375 -0.263218075282597
0.625 -0.344519646417994
0.65625 -0.411538885832988
0.6875 -0.463459641482235
0.71875 -0.499893012715132
0.75 -0.520848629455401
0.78125 -0.526702216849944
0.8125 -0.51816067371912
0.84375 -0.496225233422787
0.875 -0.462152796250697
0.90625 -0.417415257835382
0.9375 -0.363656609833622
0.96875 -0.302647730526079
1 -0.236239066579499
