0 1
1 0.7651976865579665514497
2 0.2238907791412356680518
3 -0.2600519549019334376242
4 -0.3971498098638473722866
5 -0.1775967713143383043474
6 0.1506452572509969316623
7 0.3000792705195555966503
8 0.1716508071375539060909
9 -0.09033361118287613433595
10 -0.2459357644513483351978


0 0
1 0.4400505857449335159597
2 0.5767248077568733872025
3 0.3390589585259364589255
4 -0.06604332802354913614319
5 -0.3275791375914652220377
6 -0.2766838581275656081728
7 -0.004682823482345832699114
8 0.2346363468539146243813
9 0.2453117865733252723226
10 0.04347274616886143666975


0 0
1 0.1149034849319004804697
2 0.3528340286156377191506
3 0.4860912605858910769078
4 0.364128145852072804215
5 0.0465651162777522155323
6 -0.2428732099601854677199
7 -0.3014172200859401202786
8 -0.1129917204240752499956
9 0.1448473415325039726299
10 0.2546303136851206225317


0 0
1 0.01956335398266840591891
2 0.1289432494744020510988
3 0.3090627222552516436183
4 0.4301714738756219403582
5 0.3648312306136669944636
6 0.1147683848207752963595
7 -0.1675555879953342360315
8 -0.2911322070659522493791
9 -0.1809351903366568400427
10 0.05837937930518681234294 
