0 0 -1
0.015625 0.0149820625 -0.999882952636719
0.03125 0.029964125 -0.999531810546875
0.046875 0.0449461875 -0.998946573730469
0.0625 0.05992825 -0.9981272421875
0.078125 0.0749103125 -0.997073815917969
0.09375 0.089892375 -0.995786294921875
0.109375 0.1048744375 -0.994264679199219
0.125 0.1198565 -0.99250896875
0.140625 0.1348385625 -0.990519163574219
0.15625 0.149820625 -0.988295263671875
0.171875 0.1648026875 -0.985837269042969
0.1875 0.17978475 -0.9831451796875
0.203125 0.1947668125 -0.980218995605469
0.21875 0.209748875 -0.977058716796875
0.234375 0.2247309375 -0.973664343261719
0.25 0.239713 -0.970035875
0.265625 0.2546950625 -0.966173312011719
0.28125 0.269677125 -0.962076654296875
0.296875 0.2846591875 -0.957745901855469
0.3125 0.29964125 -0.9531810546875
0.328125 0.3146233125 -0.948382112792969
0.34375 0.329605375 -0.943349076171875
0.359375 0.3445874375 -0.938081944824219
0.375 0.3595695 -0.93258071875
0.390625 0.3745515625 -0.926845397949219
0.40625 0.389533625 -0.920875982421875
0.421875 0.4045156875 -0.914672472167969
0.4375 0.41949775 -0.9082348671875
0.453125 0.4344798125 -0.901563167480469
0.46875 0.449461875 -0.894657373046875
0.484375 0.4644439375 -0.887517483886719
0.5 0.479426 -0.8801435
0.515625 0.49073990575 -0.872564078861328
0.53125 0.5020538115 -0.864807877945312
0.546875 0.51336771725 -0.856874897251953
0.5625 0.524681623 -0.84876513678125
0.578125 0.53599552875 -0.840478596533203
0.59375 0.5473094345 -0.832015276507812
0.609375 0.55862334025 -0.823375176705078
0.625 0.569937246 -0.814558297125
0.640625 0.58125115175 -0.805564637767578
0.65625 0.5925650575 -0.796394198632812
0.671875 0.60387896325 -0.787046979720703
0.6875 0.615192869 -0.77752298103125
0.703125 0.62650677475 -0.767822202564453
0.71875 0.6378206805 -0.757944644320312
0.734375 0.64913458625 -0.747890306298828
0.75 0.660448492 -0.7376591885
0.765625 0.67176239775 -0.727251290923828
0.78125 0.6830763035 -0.716666613570312
0.796875 0.69439020925 -0.705905156439453
0.8125 0.705704115 -0.69496691953125
0.828125 0.71701802075 -0.683851902845703
0.84375 0.7283319265 -0.672560106382812
0.859375 0.73964583225 -0.661091530142578
0.875 0.750959738 -0.649446174125
0.890625 0.76227364375 -0.637624038330078
0.90625 0.7735875495 -0.625625122757812
0.921875 0.78490145525 -0.613449427408203
0.9375 0.796215361 -0.60109695228125
0.953125 0.80752926675 -0.588567697376953
0.96875 0.8188431725 -0.575861662695312
0.984375 0.83015707825 -0.562978848236328
1 0.841470984 -0.549919254
1.015625 0.8463467345 -0.536733178074219
1.03125 0.851222485 -0.523470918546875
1.046875 0.8560982355 -0.510132475417969
1.0625 0.860973986 -0.4967178486875
1.078125 0.8658497365 -0.483227038355469
1.09375 0.870725487 -0.469660044421875
1.109375 0.8756012375 -0.456016866886719
1.125 0.880476988 -0.44229750575
1.140625 0.8853527385 -0.428501961011719
1.15625 0.890228489 -0.414630232671875
1.171875 0.8951042395 -0.400682320730469
1.1875 0.89997999 -0.3866582251875
1.203125 0.9048557405 -0.372557946042969
1.21875 0.909731491 -0.358381483296875
1.234375 0.9146072415 -0.344128836949219
1.25 0.919482992 -0.329800007
1.265625 0.9243587425 -0.315394993449219
1.28125 0.929234493 -0.300913796296875
1.296875 0.9341102435 -0.286356415542969
1.3125 0.938985994 -0.2717228511875
1.328125 0.9438617445 -0.257013103230469
1.34375 0.948737495 -0.242227171671875
1.359375 0.9536132455 -0.227365056511719
1.375 0.958488996 -0.21242675775
1.390625 0.9633647465 -0.197412275386719
1.40625 0.968240497 -0.182321609421875
1.421875 0.9731162475 -0.167154759855469
1.4375 0.977991998 -0.1519117266875
1.453125 0.9828677485 -0.136592509917969
1.46875 0.987743499 -0.121197109546875
1.484375 0.9926192495 -0.105725525574219
1.5 0.997495 -0.0901777579999999
1.515625 0.9947388258125 -0.0746134312358397
1.53125 0.991982651625 -0.0590921696933593
1.546875 0.9892264774375 -0.0436139733725586
1.5625 0.98647030325 -0.0281788422734375
1.578125 0.9837141290625 -0.012786776395996
1.59375 0.980957954875 0.00256222425976571
1.609375 0.9782017806875 0.0178681596938477
1.625 0.9754456065 0.0331310299062501
1.640625 0.9726894323125 0.0483508348969727
1.65625 0.969933258125 0.0635275746660157
1.671875 0.9671770839375 0.078661249213379
1.6875 0.96442090975 0.0937518585390625
1.703125 0.9616647355625 0.108799402643066
1.71875 0.958908561375 0.123803881525391
1.734375 0.9561523871875 0.138765295186035
1.75 0.953396213 0.153683643625
1.765625 0.9506400388125 0.168558926842285
1.78125 0.947883864625 0.183391144837891
1.796875 0.9451276904375 0.198180297611816
1.8125 0.94237151625 0.212926385164062
1.828125 0.9396153420625 0.227629407494629
1.84375 0.936859167875 0.242289364603516
1.859375 0.9341029936875 0.256906256490723
1.875 0.9313468195 0.27148008315625
1.890625 0.9285906453125 0.286010844600098
1.90625 0.925834471125 0.300498540822266
1.921875 0.9230782969375 0.314943171822754
1.9375 0.92032212275 0.329344737601563
1.953125 0.9175659485625 0.343703238158691
1.96875 0.914809774375 0.358018673494141
1.984375 0.9120536001875 0.37229104360791
2 0.909297426 0.3865203485
2.015625 0.8995841314375 0.40065223566748
2.03125 0.889870836875 0.414632352607422
2.046875 0.8801575423125 0.428460699319824
2.0625 0.87044424775 0.442137275804687
2.078125 0.8607309531875 0.455662082062012
2.09375 0.851017658625 0.469035118091797
2.109375 0.8413043640625 0.482256383894043
2.125 0.8315910695 0.49532587946875
2.140625 0.8218777749375 0.508243604815918
2.15625 0.812164480375 0.521009559935547
2.171875 0.8024511858125 0.533623744827637
2.1875 0.79273789125 0.546086159492187
2.203125 0.7830245966875 0.558396803929199
2.21875 0.773311302125 0.570555678138672
2.234375 0.7635980075625 0.582562782120605
2.25 0.753884713 0.594418115875
2.265625 0.7441714184375 0.606121679401855
2.28125 0.734458123875 0.617673472701172
2.296875 0.7247448293125 0.629073495772949
2.3125 0.71503153475 0.640321748617187
2.328125 0.7053182401875 0.651418231233887
2.34375 0.695604945625 0.662362943623047
2.359375 0.6858916510625 0.673155885784668
2.375 0.6761783565 0.68379705771875
2.390625 0.6664650619375 0.694286459425293
2.40625 0.656751767375 0.704624090904297
2.421875 0.6470384728125 0.714809952155762
2.4375 0.63732517825 0.724844043179687
2.453125 0.6276118836875 0.734726363976074
2.46875 0.617898589125 0.744456914544922
2.484375 0.6081852945625 0.75403569488623
2.5 0.598472 0.763462705
2.515625 0.58417975025 0.772702171798828
2.53125 0.5698875005 0.781718322195312
2.546875 0.55559525075 0.790511156189453
2.5625 0.541303001 0.79908067378125
2.578125 0.52701075125 0.807426874970703
2.59375 0.5127185015 0.815549759757812
2.609375 0.49842625175 0.823449328142578
2.625 0.484134002 0.831125580125
2.640625 0.46984175225 0.838578515705078
2.65625 0.4555495025 0.845808134882812
2.671875 0.44125725275 0.852814437658203
2.6875 0.426965003 0.85959742403125
2.703125 0.41267275325 0.866157094001953
2.71875 0.3983805035 0.872493447570312
2.734375 0.38408825375 0.878606484736328
2.75 0.369796004 0.8844962055
2.765625 0.35550375425 0.890162609861328
2.78125 0.3412115045 0.895605697820312
2.796875 0.32691925475 0.900825469376953
2.8125 0.312627005 0.90582192453125
2.828125 0.29833475525 0.910595063283203
2.84375 0.2840425055 0.915144885632812
2.859375 0.26975025575 0.919471391580078
2.875 0.255458006 0.923574581125
2.890625 0.24116575625 0.927454454267578
2.90625 0.2268735065 0.931111011007812
2.921875 0.21258125675 0.934544251345703
2.9375 0.198289007 0.93775417528125
2.953125 0.18399675725 0.940740782814453
2.96875 0.1697045075 0.943504073945312
2.984375 0.15541225775 0.946044048673828
3 0.141120008 0.948360707
3.015625 0.125748039 0.950445613617187
3.03125 0.11037607 0.95229033321875
3.046875 0.095004101 0.953894865804687
3.0625 0.079632132 0.955259211375
3.078125 0.064260163 0.956383369929687
3.09375 0.048888194 0.95726734146875
3.109375 0.033516225 0.957911125992187
3.125 0.018144256 0.9583147235
3.140625 0.00277228700000001 0.958478133992187
3.15625 -0.012599682 0.95840135746875
3.171875 -0.027971651 0.958084393929687
3.1875 -0.04334362 0.957527243375
3.203125 -0.058715589 0.956729905804687
3.21875 -0.074087558 0.95569238121875
3.234375 -0.089459527 0.954414669617187
3.25 -0.104831496 0.952896771
3.265625 -0.120203465 0.951138685367187
3.28125 -0.135575434 0.94914041271875
3.296875 -0.150947403 0.946901953054687
3.3125 -0.166319372 0.944423306375
3.328125 -0.181691341 0.941704472679687
3.34375 -0.19706331 0.93874545196875
3.359375 -0.212435279 0.935546244242187
3.375 -0.227807248 0.9321068495
3.390625 -0.243179217 0.928427267742187
3.40625 -0.258551186 0.92450749896875
3.421875 -0.273923155 0.920347543179687
3.4375 -0.289295124 0.915947400375
3.453125 -0.304667093 0.911307070554687
3.46875 -0.320039062 0.90642655371875
3.484375 -0.335411031 0.901305849867187
3.5 -0.350783 0.895944959
3.515625 -0.3634711090625 0.890364848772949
3.53125 -0.376159218125 0.884586486841797
3.546875 -0.3888473271875 0.878609873206543
3.5625 -0.40153543625 0.872435007867187
3.578125 -0.4142235453125 0.86606189082373
3.59375 -0.426911654375 0.859490522076171
3.609375 -0.4395997634375 0.852720901624511
3.625 -0.4522878725 0.84575302946875
3.640625 -0.4649759815625 0.838586905608886
3.65625 -0.477664090625 0.831222530044922
3.671875 -0.4903521996875 0.823659902776855
3.6875 -0.50304030875 0.815899023804687
3.703125 -0.5157284178125 0.807939893128418
3.71875 -0.528416526875 0.799782510748047
3.734375 -0.5411046359375 0.791426876663574
3.75 -0.553792745 0.782872990875
3.765625 -0.5664808540625 0.774120853382324
3.78125 -0.579168963125 0.765170464185547
3.796875 -0.5918570721875 0.756021823284668
3.8125 -0.60454518125 0.746674930679687
3.828125 -0.6172332903125 0.737129786370605
3.84375 -0.629921399375 0.727386390357422
3.859375 -0.6426095084375 0.717444742640136
3.875 -0.6552976175 0.70730484321875
3.890625 -0.6679857265625 0.696966692093261
3.90625 -0.680673835625 0.686430289263672
3.921875 -0.6933619446875 0.67569563472998
3.9375 -0.70605005375 0.664762728492187
3.953125 -0.7187381628125 0.653631570550293
3.96875 -0.731426271875 0.642302160904297
3.984375 -0.7441143809375 0.630774499554199
4 -0.75680249 0.6190485865
4.015625 -0.7637002246875 0.607169659041504
4.03125 -0.770597959375 0.595182954478515
4.046875 -0.7774956940625 0.583088472811035
4.0625 -0.78439342875 0.570886214039062
4.078125 -0.7912911634375 0.558576178162597
4.09375 -0.798188898125 0.54615836518164
4.109375 -0.8050866328125 0.533632775096191
4.125 -0.8119843675 0.52099940790625
4.140625 -0.8188821021875 0.508258263611816
4.15625 -0.825779836875 0.49540934221289
4.171875 -0.8326775715625 0.482452643709472
4.1875 -0.83957530625 0.469388168101562
4.203125 -0.8464730409375 0.45621591538916
4.21875 -0.853370775625 0.442935885572265
4.234375 -0.8602685103125 0.429548078650879
4.25 -0.867166245 0.416052494625
4.265625 -0.8740639796875 0.402449133494629
4.28125 -0.880961714375 0.388737995259765
4.296875 -0.8878594490625 0.37491907992041
4.3125 -0.89475718375 0.360992387476562
4.328125 -0.9016549184375 0.346957917928222
4.34375 -0.908552653125 0.33281567127539
4.359375 -0.9154503878125 0.318565647518066
4.375 -0.9223481225 0.30420784665625
4.390625 -0.9292458571875 0.289742268689941
4.40625 -0.936143591875 0.27516891361914
4.421875 -0.9430413265625 0.260487781443847
4.4375 -0.94993906125 0.245698872164062
4.453125 -0.9568367959375 0.230802185779785
4.46875 -0.963734530625 0.215797722291015
4.484375 -0.9706322653125 0.200685481697753
4.5 -0.97753 0.185465464
4.515625 -0.9769485709375 0.17019610016455
4.53125 -0.976367141875 0.154935821158203
4.546875 -0.9757857128125 0.139684626980957
4.5625 -0.97520428375 0.124442517632812
4.578125 -0.9746228546875 0.109209493113769
4.59375 -0.974041425625 0.0939855534238279
4.609375 -0.9734599965625 0.0787706985629881
4.625 -0.9728785675 0.0635649285312498
4.640625 -0.9722971384375 0.048368243328613
4.65625 -0.971715709375 0.0331806429550778
4.671875 -0.9711342803125 0.0180021274106443
4.6875 -0.97055285125 0.00283269669531228
4.703125 -0.9699714221875 -0.0123276491909181
4.71875 -0.969389993125 -0.0274789102480471
4.734375 -0.9688085640625 -0.0426210864760745
4.75 -0.968227135 -0.0577541778750004
4.765625 -0.9676457059375 -0.0728781844448245
4.78125 -0.967064276875 -0.0879931061855472
4.796875 -0.9664828478125 -0.103098943097168
4.8125 -0.96590141875 -0.118195695179688
4.828125 -0.9653199896875 -0.133283362433106
4.84375 -0.964738560625 -0.148361944857422
4.859375 -0.9641571315625 -0.163431442452637
4.875 -0.9635757025 -0.17849185521875
4.890625 -0.9629942734375 -0.193543183155762
4.90625 -0.962412844375 -0.208585426263672
4.921875 -0.9618314153125 -0.223618584542481
4.9375 -0.96124998625 -0.238642657992188
4.953125 -0.9606685571875 -0.253657646612793
4.96875 -0.960087128125 -0.268663550404297
4.984375 -0.9595056990625 -0.283660369366699
5 -0.95892427 -0.2986481035
