5 0.158519418878162 4.62726870841958E-09
4.875 0.162528039546426 4.64111085784369E-09
4.75 0.166743085169446 4.57323506818132E-09
4.625 0.171180786213732 4.58853852092458E-09
4.5 0.175859104258124 4.60493060783257E-09
4.375 0.180797966598841 4.62246937489443E-09
4.25 0.186019539583124 4.64121187271666E-09
4.125 0.19154854822616 4.66121336596116E-09
4 0.197412651365906 4.43004812716851E-09
3.875 0.203642883742338 4.44880650118455E-09
3.75 0.210274179072049 4.55326242146819E-09
3.625 0.21734599158537 4.57521623132433E-09
3.5 0.224903037804166 4.59922510400519E-09
3.375 0.232996185834317 4.62553437706864E-09
3.25 0.241683526473924 4.65445604365146E-09
3.125 0.251031669446899 4.76583495678813E-09
3 0.261117319636777 4.79870455622151E-09
2.875 0.272029203039068 4.91207013823391E-09
2.75 0.283870431144861 4.94954881834833E-09
2.625 0.296761416601578 5.06404070702023E-09
2.5 0.31084348322141 5.3213638171403E-09
2.375 0.326283350251402 5.48568442094727E-09
2.25 0.343278713437337 5.57508148380203E-09
2.125 0.362065189412508 6.04852159538088E-09
2 0.38292492255265 6.23222478199941E-09
1.875 0.406197142799145 6.42973280460709E-09
1.75 0.432290834034278 5.81514281805736E-09
1.625 0.461699251046559 4.88034632699707E-09
1.5 0.495014924993501 4.76881006802173E-09
1.375 0.532941098299259 4.92798744399296E-09
1.25 0.576289202846357 5.14167769767364E-09
1.125 0.625937202518347 4.43175104716351E-09
1 0.68268949214845 4.86170083001857E-09
0.875 0.746902091068827 6.6885755611422E-09
0.75 0.817577560570941 5.48840328508914E-09
0.625 0.890401416641793 4.71287587134536E-09
0.5 0.954499736107345 6.09460509190767E-09
0.375 0.992339238873553 5.50997885453753E-09
0.25 0.999936657503144 5.16668543606693E-09
0.125 0.999999986326188 3.45975269347786E-09


0 0.999999466070073 0.000588+0i
0.125 0.996097314948204 0.000616+0i
0.25 0.984435683272315 0.000937+0i
0.375 0.96515129355984 0.00132+0i
0.5 0.938464030317079 0.00106+0i
0.625 0.904699158408093 0.000694+0i
0.75 0.864238125038294 0.000833+0i
0.875 0.817555097504135 0.000984+0i
1 0.765196697067595 0.000959+0i
1.125 0.707760057601279 0.000849+0i
1.25 0.645908316975948 0.000864+0i
1.375 0.580348751565627 0.000732+0i
1.5 0.511830106274774 0.000804+0i
1.625 0.441126450479871 0.000761+0i
1.75 0.36903198634275 0.000623+0i
1.875 0.2963533404769 0.00068+0i
2 0.223890125362022 0.000739+0i
2.125 0.15243319193307 0.000665+0i
2.25 0.0827505953285489 0.000671+0i
2.375 0.0155796123501453 0.00068+0i
2.5 -0.048381935304318 0.000701+0i
2.625 -0.108485649896967 0.000614+0i
2.75 -0.164139011262951 0.000654+0i
2.875 -0.214813475597245 0.000609+0i
3 -0.260049369051092 0.000646+0i
3.125 -0.299464666102268 0.00044+0i
3.25 -0.332750058591235 0.000464+0i
3.375 -0.359684003014953 0.000488+0i
3.5 -0.380127001876435 0.000513+0i
3.625 -0.394024523824177 0.000493+0i
3.75 -0.401405613071248 0.000516+0i
3.875 -0.402383406570434 0.000476+0i
4 -0.397149853409973 0.000499+0i
4.125 -0.385974679824136 0.00048+0i
4.25 -0.369199688765083 0.000501+0i
4.375 -0.347232850229426 0.000523+0i
4.5 -0.320542378595022 0.000546+0i
4.625 -0.289649487794082 0.000569+0i
4.75 -0.255120609558861 0.000593+0i
4.875 -0.217559080837491 0.000617+0i
5 -0.177595941426662 0.000608+0i
5.125 -0.135882815257166 0.000632+0i
5.25 -0.0930799377081597 0.000657+0i
5.375 -0.0498485712877606 0.000658+0i
5.5 -0.0068423086686665 0.000659+0i
5.625 0.0353030301973245 0.000682+0i
5.75 0.075976612722709 0.000649+0i
5.875 0.114602735659032 0.000635+0i
6 0.150646324318174 0.000599+0i
6.125 0.183619996621211 0.000605+0i
6.25 0.213089952543755 0.000543+0i
6.375 0.238685342773744 0.000532+0i
6.5 0.260094806363849 0.000533+0i
6.625 0.277076335578609 0.000519+0i
6.75 0.28945704738603 0.000534+0i
6.875 0.297135042489161 0.000534+0i
7 0.300079174362017 0.000514+0i
7.125 0.298330598656995 0.000498+0i
7.25 0.291997272798843 0.000481+0i
7.375 0.281254552125704 0.000477+0i
7.5 0.266340164793729 0.000489+0i
7.625 0.247550416017231 0.000501+0i
7.75 0.225234588213733 0.000513+0i
7.875 0.199789325515242 0.00051+0i
8 0.171651507489109 0.000487+0i
8.125 0.141292133928951 0.000499+0i
8.25 0.109208510227251 0.000479+0i
8.375 0.0759153177678193 0.000457+0i
8.5 0.0419398775796777 0.000467+0i
8.625 0.00781079716581122 0.000461+0i
8.75 -0.0259482580232892 0.000472+0i
8.875 -0.0588263941413953 0.000482+0i
9 -0.0903331177079304 0.000492+0i
9.125 -0.120005331927132 0.000503+0i
9.25 -0.147413595999728 0.00048+0i
9.375 -0.172169277790167 0.00049+0i
9.5 -0.193927929821812 0.000453+0i
9.625 -0.212395913555234 0.000427+0i
9.75 -0.227332536591493 0.000437+0i
9.875 -0.238553970279804 0.000446+0i


0 6.26741707133563E-07 0.000847+0i
0.125 0.0623784846430226 0.000929+0i
0.25 0.124025291626868 0.000807+0i
0.375 0.184222454068958 0.000729+0i
0.5 0.242268529451682 0.000703+0i
0.625 0.297488153381967 0.00058+0i
0.75 0.349244939018686 0.000677+0i
0.875 0.396945665317817 0.000639+0i
1 0.440051378358118 0.000725+0i
1.125 0.478082715676138 0.000653+0i
1.25 0.510623675048799 0.000589+0i
1.375 0.537331477153336 0.000834+0i
1.5 0.557934981641703 0.000827+0i
1.625 0.572244895251528 0.000786+0i
1.75 0.580153165841284 0.000678+0i
1.875 0.581626737879886 0.000666+0i
2 0.576719242445618 0.000695+0i
2.125 0.565562737432439 0.00065+0i
2.25 0.54836979491608 0.000674+0i
2.375 0.5254246343225 0.000746+0i
2.5 0.49709501463828 0.0006+0i
2.625 0.463780959846716 0.000607+0i
2.75 0.425971803489507 0.000534+0i
2.875 0.38420515777625 0.000568+0i
3 0.339058482322576 0.000604+0i
3.125 0.291148162343281 0.000642+0i
3.25 0.241119025017032 0.000652+0i
3.375 0.189637403458704 0.000644+0i
3.5 0.137378124484335 0.000632+0i
3.625 0.0850193862984878 0.00061+0i
3.75 0.0332309457144701 0.000641+0i
3.875 -0.0173323972228999 0.000624+0i
4 -0.0660411740813917 0.000656+0i
4.125 -0.112300072986003 0.000618+0i
4.25 -0.155552769932482 0.000525+0i
4.375 -0.195290518630901 0.000501+0i
4.5 -0.231060304709498 0.000506+0i
4.625 -0.262468670358081 0.00051+0i
4.75 -0.289186509805228 0.000515+0i
4.875 -0.310953576542729 0.00047+0i
5 -0.327579122585936 0.000471+0i
5.125 -0.338946990671981 0.000487+0i
5.25 -0.345013826522495 0.000489+0i
5.375 -0.345810061401264 0.000506+0i
5.5 -0.341437965933416 0.000523+0i
5.625 -0.332069726793975 0.000526+0i
5.75 -0.317943642757347 0.000507+0i
5.875 -0.299361902233207 0.000525+0i
6 -0.276682863399547 0.000528+0i
6.125 -0.25031681655876 0.000546+0i
6.25 -0.220719679632202 0.000564+0i
6.375 -0.188385660040372 0.000583+0i
6.5 -0.153840049988234 0.000589+0i
6.625 -0.117630791836744 0.000608+0i
6.75 -0.0803213395621053 0.000627+0i
6.875 -0.0424818627983267 0.000647+0i
7 -0.00468119119619571 0.000667+0i
7.125 0.0325206133046563 0.000627+0i
7.25 0.0685813995620955 0.000535+0i
7.375 0.102985865932426 0.000522+0i
7.5 0.13524804156376 0.000508+0i
7.625 0.164920808948785 0.000522+0i
7.75 0.191602153865874 0.000507+0i
7.875 0.214939959712421 0.000505+0i
8 0.234636002516597 0.000518+0i
8.125 0.250450656039219 0.000502+0i
8.25 0.262203693926427 0.000515+0i
8.375 0.269778750928537 0.000497+0i
8.5 0.27312196036844 0.000474+0i
8.625 0.272244258052469 0.000486+0i
8.75 0.26721803743713 0.000498+0i
8.875 0.258176982526615 0.000494+0i
9 0.245312298088616 0.000506+0i
9.125 0.22887023160031 0.000487+0i
9.25 0.209147491414445 0.000465+0i
9.375 0.186485300649962 0.000475+0i
9.5 0.161265347954913 0.000486+0i
9.625 0.133902694093591 0.000496+0i
9.75 0.104839472840961 0.000506+0i
9.875 0.0745380147847981 0.000517+0i


0 4.72728651804726E-07 0.00059+0i
0.125 0.00195104201208377 0.000605+0i
0.25 0.00777232827102861 0.000625+0i
0.375 0.0173751011139482 0.000772+0i
0.5 0.0306062977768238 0.000681+0i
0.625 0.0472598754158732 0.000605+0i
0.75 0.0670757119589429 0.000641+0i
0.875 0.0897426423074611 0.000588+0i
1 0.114904431604483 0.000533+0i
1.125 0.14216465759044 0.000585+0i
1.25 0.171091861766254 0.000567+0i
1.375 0.20122661062441 0.000513+0i
1.5 0.232088778218256 0.000598+0i
1.625 0.263181636614552 0.000552+0i
1.75 0.294003661559704 0.000516+0i
1.875 0.324052928990122 0.000452+0i
2 0.352835001239166 0.000654+0i
2.125 0.379868867889724 0.000503+0i
2.25 0.404697401327902 0.000491+0i
2.375 0.426891699957174 0.000513+0i
2.5 0.446057604050247 0.000564+0i
2.625 0.461841619134935 0.000535+0i
2.75 0.47393657558298 0.000596+0i
2.875 0.482089781056875 0.00053+0i
3 0.486091890854621 0.000521+0i
3.125 0.485801188316001 0.000549+0i
3.25 0.481132919646372 0.000579+0i
3.375 0.472063566467157 0.00057+0i
3.5 0.458630453143541 0.000589+0i
3.625 0.440932848683397 0.000609+0i
3.75 0.419127843892297 0.000512+0i
3.875 0.3934359450642 0.000522+0i
4 0.36412730955857 0.000549+0i
4.125 0.331524519510293 0.000564+0i
4.25 0.295997187320521 0.000594+0i
4.375 0.257956061173001 0.000614+0i
4.5 0.21784779654972 0.000648+0i
4.625 0.176149815788951 0.00056+0i
4.75 0.133358322266151 0.000587+0i
4.875 0.0899896220180117 0.0005+0i
5 0.0465661766192762 0.000519+0i
5.125 0.00361311005099636 0.000524+0i
5.25 -0.0383515442857182 0.000512+0i
5.375 -0.0788219878458598 0.000534+0i
5.5 -0.117315094629542 0.000468+0i
5.625 -0.153370117709553 0.000467+0i
5.75 -0.186564137200444 0.000481+0i
5.875 -0.216512220834812 0.000428+0i
6 -0.242872915171608 0.00044+0i
6.125 -0.265355089628779 0.000453+0i
6.25 -0.283720319174602 0.000449+0i
6.375 -0.297786438039237 0.000463+0i
6.5 -0.307429850832281 0.000476+0i
6.625 -0.31258708669041 0.00049+0i
6.75 -0.31325543856476 0.000505+0i
6.875 -0.309492750496759 0.00052+0i
7 -0.301416498349705 0.00052+0i
7.125 -0.289201273946888 0.000536+0i
7.25 -0.273076939681087 0.000551+0i
7.375 -0.253324559950143 0.000567+0i
7.5 -0.230272328676077 0.000584+0i
7.625 -0.20429053471577 0.000572+0i
7.75 -0.175786850731503 0.00059+0i
7.875 -0.14519920622274 0.000608+0i
8 -0.112990267419382 0.000626+0i
8.125 -0.0796406299189636 0.000632+0i
8.25 -0.0456425695833803 0.000602+0i
8.375 -0.0114901566172579 0.000567+0i
8.5 0.0223242867840782 0.000556+0i
8.625 0.0553184002737412 0.000543+0i
8.75 0.0870266758837859 0.000557+0i
8.875 0.117006911240079 0.000543+0i
9 0.144846639605481 0.000556+0i
9.125 0.170168615491357 0.000541+0i
9.25 0.192634815069985 0.000553+0i
9.375 0.211952932775588 0.000566+0i
9.5 0.22787913662491 0.000536+0i
9.625 0.240220108251425 0.000519+0i
9.75 0.248838373103702 0.000531+0i
9.875 0.253650993857677 0.000513+0i


0 7.37447612682424E-07 0.000462+0i
0.125 4.12795270159828E-05 0.00045+0i
0.25 0.000324775582129638 0.000439+0i
0.375 0.00108961332287225 0.000493+0i
0.5 0.00256438371226688 0.00051+0i
0.625 0.00496383973933775 0.000499+0i
0.75 0.0084848248902342 0.000488+0i
0.875 0.0133018426958906 0.000479+0i
1 0.0195636763287149 0.000531+0i
1.125 0.0273899008848331 0.000519+0i
1.25 0.0368685586415889 0.000509+0i
1.375 0.0480554516765477 0.000606+0i
1.5 0.0609654893146682 0.000586+0i
1.625 0.0755828178164642 0.000615+0i
1.75 0.0918521521623559 0.000595+0i
1.875 0.109681826571217 0.000578+0i
2 0.12894407780703 0.000564+0i
2.125 0.149476592273036 0.000553+0i
2.25 0.171084942550213 0.000599+0i
2.375 0.193543289199463 0.000548+0i
2.5 0.216601727915751 0.000613+0i
2.625 0.239983363661593 0.000552+0i
2.75 0.263395173515232 0.000497+0i
2.875 0.28652824012502 0.000451+0i
3 0.309063274455857 0.000566+0i
3.125 0.330677220048251 0.00074+0i
3.25 0.351043561144382 0.000514+0i
3.375 0.36984366989193 0.000483+0i
3.5 0.386768775271165 0.0005+0i
3.625 0.40152470674541 0.000534+0i
3.75 0.413837592339625 0.00045+0i
3.875 0.423458125551357 0.000505+0i
4 0.430166566686172 0.000632+0i
4.125 0.433781908486516 0.000529+0i
4.25 0.43414083390352 0.000548+0i
4.375 0.431138254944071 0.000569+0i
4.5 0.424704859596047 0.000578+0i
4.625 0.414815359981676 0.000603+0i
4.75 0.401487231470449 0.000511+0i
4.875 0.384789129296583 0.000527+0i
5 0.364829820404726 0.000545+0i
5.125 0.34176443006031 0.000552+0i
5.25 0.315791083642832 0.000574+0i
5.375 0.287149104286685 0.000598+0i
5.5 0.256116097802768 0.000625+0i
5.625 0.223005238527309 0.000604+0i
5.75 0.188160151499381 0.000576+0i
5.875 0.151950117378305 0.000597+0i
6 0.114768839379239 0.000551+0i
6.125 0.0770254288467121 0.000513+0i
6.25 0.0391406853878286 0.000527+0i
6.375 0.00154158894717375 0.000542+0i
6.5 -0.0353460745264161 0.000478+0i
6.625 -0.0710994671804701 0.000491+0i
6.75 -0.105309851159854 0.000504+0i
6.875 -0.137585271005945 0.000453+0i
7 -0.167555256713918 0.000464+0i
7.125 -0.19487826388236 0.000458+0i
7.25 -0.21924493124731 0.00047+0i
7.375 -0.240382848015489 0.000482+0i
7.5 -0.258060414988089 0.000494+0i
7.625 -0.272090149046748 0.000506+0i
7.75 -0.282331385173982 0.000519+0i
7.875 -0.288692331032161 0.000532+0i
8 -0.291131442258986 0.000546+0i
8.125 -0.289658096491146 0.000559+0i
8.25 -0.284332554325587 0.000574+0i
8.375 -0.2752648866798 0.000562+0i
8.5 -0.262614832288031 0.000577+0i
8.625 -0.24658762443911 0.000592+0i
8.75 -0.22743273546638 0.000595+0i
8.875 -0.205439442733946 0.000612+0i
9 -0.180933844800336 0.000629+0i
9.125 -0.154273683240204 0.000646+0i
9.25 -0.125844577944979 0.000615+0i
9.375 -0.0960506663044573 0.000633+0i
9.5 -0.0653152881016364 0.000626+0i
9.625 -0.0340706059744953 0.000573+0i
9.75 -0.00275155851185621 0.000574+0i
9.875 0.0282069542281752 0.000582+0i


-5 1.3887943864964E-11 0.00141850778591578
-4.875 4.77221722017458E-11 0.00193329688985178
-4.75 1.58939100945164E-10 0.00259801309610721
-4.625 5.13061702609176E-10 0.00345593848338849
-4.5 1.60522805518561E-09 0.00456092272080754
-4.375 4.8677939021082E-09 0.00597856783748638
-4.25 1.43072419185677E-08 0.00777588673623357
-4.125 4.0757539335683E-08 0.0100694165042179
-4 1.12535174719259E-07 0.0129525683082509
-3.875 3.01159744605734E-07 0.016546506941791
-3.75 7.81148940830449E-07 0.0209950608938922
-3.625 1.9638082208988E-06 0.0264298712293659
-3.5 4.78511739212901E-06 0.0330227910541533
-3.375 1.13009360431463E-05 0.0409459401036246
-3.25 2.58681002226541E-05 0.0503783101555903
-3.125 5.73908887394687E-05 0.0615014259550642
-3 0.00012340980408668 0.0744938693712222
-2.875 0.000257208118800665 0.0895902897262601
-2.75 0.000519574682154838 0.106806647715288
-2.625 0.0010172778436147 0.126339058799987
-2.5 0.00193045413622771 0.148266238105567
-2.375 0.00355064855724254 0.172612025908252
-2.25 0.00632971542748575 0.199478622539601
-2.125 0.010936767510605 0.228704789900785
-2 0.0183156388887342 0.2601696145618
-1.875 0.0297292163861588 0.293658015242546
-1.75 0.046770622383959 0.328876196116365
-1.625 0.071316682697758 0.365451166252158
-1.5 0.105399224561864 0.40293346822988
-1.375 0.150977418455915 0.44080336930402
-1.25 0.209611387151098 0.478480597056528
-1.125 0.282062951693815 0.515337506083153
-1 0.367879441171442 0.550701832863997
-0.875 0.465043188134056 0.584035992240891
-0.75 0.569782824730923 0.614453047154843
-0.625 0.676633846161729 0.641424455382015
-0.5 0.778800783071405 0.664370192299409
-0.375 0.868815056262843 0.682782871465051
-0.25 0.939413062813476 0.696246399085447
-0.125 0.984496437005408 0.704451618744678
0 1 0.707208125426951
0.125 0.984496437005408 0.704451618744678
0.25 0.939413062813476 0.696246399085447
0.375 0.868815056262843 0.682782871465051
0.5 0.778800783071405 0.664370192299409
0.625 0.676633846161729 0.641424455382015
0.75 0.569782824730923 0.614453047154843
0.875 0.465043188134056 0.584035992240891
1 0.367879441171442 0.550701832863997
1.125 0.282062951693815 0.515337506083153
1.25 0.209611387151098 0.478480597056528
1.375 0.150977418455915 0.44080336930402
1.5 0.105399224561864 0.40293346822988
1.625 0.071316682697758 0.365451166252158
1.75 0.046770622383959 0.328876196116365
1.875 0.0297292163861588 0.293658015242546
2 0.0183156388887342 0.2601696145618
2.125 0.010936767510605 0.228704789900785
2.25 0.00632971542748575 0.199478622539601
2.375 0.00355064855724254 0.172612025908252
2.5 0.00193045413622771 0.148266238105567
2.625 0.0010172778436147 0.126339058799987
2.75 0.000519574682154838 0.106806647715288
2.875 0.000257208118800665 0.0895902897262601
3 0.00012340980408668 0.0744938693712222
3.125 5.73908887394687E-05 0.0615014259550642
3.25 2.58681002226541E-05 0.0503783101555903
3.375 1.13009360431463E-05 0.0409459401036246
3.5 4.78511739212901E-06 0.0330227910541533
3.625 1.9638082208988E-06 0.0264298712293659
3.75 7.81148940830449E-07 0.0209950608938922
3.875 3.01159744605734E-07 0.016546506941791
4 1.12535174719259E-07 0.0129525683082509
4.125 4.0757539335683E-08 0.0100694165042179
4.25 1.43072419185677E-08 0.00777588673623357
4.375 4.8677939021082E-09 0.00597856783748638
4.5 1.60522805518561E-09 0.00456092272080754
4.625 5.13061702609176E-10 0.00345593848338849
4.75 1.58939100945164E-10 0.00259801309610721
4.875 4.77221722017458E-11 0.00193329688985178
5 1.3887943864964E-11 0.00141850778591578


-15 -0.037822634055742 0.000736275021397169
-14.9375 -0.0361759929696521 0.000877517409157367
-14.875 -0.0343388999009702 0.000188152510839232
-14.8125 -0.0323140882395007 0.00145919670760933
-14.75 -0.0301051325290548 -2.86741107888983E-07
-14.6875 -0.0277164550617175 0.00134609091061485
-14.625 -0.0251533291528403 0.000470046670222568
-14.5625 -0.0224218789992665 0.000875457172056494
-14.5 -0.0195290760348739 0.000862043504729447
-14.4375 -0.0164827317097534 0.000649243266947593
-14.375 -0.0132914866321798 0.000930355851264616
-14.3125 -0.00996479602595182 0.000668270969057009
-14.25 -0.0065129114696266 0.00096450408740697
-14.1875 -0.00294685889862038 0.000605545337302397
-14.125 0.000721587133969943 0.00107085752066623
-14.0625 0.00447993292668694 0.000554963595167636
-14 0.00831499880241645 0.00111270888434051
-13.9375 0.0122129559418101 0.000679402085171824
-13.875 0.0161593668186276 0.00103011462084293
-13.8125 0.0201392291618986 0.000663822722026142
-13.75 0.0241370233534003 0.000945708280826256
-13.6875 0.028136763152502 0.000930014736449596
-13.625 0.0321220496240147 0.00067805365075921
-13.5625 0.0360761281283585 0.00111494739108214
-13.5 0.0399819482172133 0.000701751927496382
-13.4375 0.0438222262618928 0.000979311734713823
-13.375 0.0475795106260741 0.00091802380928618
-13.3125 0.051236249179284 0.000856793666730469
-13.25 0.0547748589327596 0.00100452334989459
-13.1875 0.0581777975650499 0.00136417266620178
-13.125 0.0614276365910576 0.00126137730131917
-13.0625 0.0645071359152355 0.000151720063780824
-13 0.0673993194973867 0.00127348670360937
-12.9375 0.0700875518480767 0.00151187559836533
-12.875 0.0725556150600834 0.000442222363601055
-12.8125 0.074787786072678 0.000971016581433261
-12.75 0.0767689138568965 0.00155795855539751
-12.6875 0.0784844962023906 0.000616627840790276
-12.625 0.0799207557800009 0.000377184421831222
-12.5625 0.0810647151489241 0.00191818239782079
-12.5 0.0819042703733024 0.00055564858178252
-12.4375 0.0824282629102989 0.00111573705816977
-12.375 0.0826265494302755 0.000669438712659776
-12.3125 0.082490069229599 0.0013481338217639
-12.25 0.0820109088979143 0.000798115423049025
-12.1875 0.0811823639044442 0.00130224044128777
-12.125 0.0799989967720619 0.000922041694130776
-12.0625 0.0784566915135241 0.00115056515088639
-12 0.07655270401138 0.00122719983538343
-11.9375 0.0742857080316963 0.000938365233016485
-11.875 0.0716558365718392 0.00132134715599061
-11.8125 0.0686647182541644 0.000976526822310326
-11.75 0.0653155084905362 0.000927850354475946
-11.6875 0.0616129151571416 0.00134813803616202
-11.625 0.0575632185350434 0.00113741180249198
-11.5625 0.0531742852893079 0.00117311742114239
-11.5 0.048455576278305 0.00160653143633501
-11.4375 0.0434181480048775 0.00085378734619946
-11.375 0.0380746475424554 0.00140994130513648
-11.3125 0.0324393007917962 0.00110038158161047
-11.25 0.0265278939478099 0.00145286364182073
-11.1875 0.0203577480807928 0.00115460555467147
-11.125 0.0139476867622925 0.00137100253538868
-11.0625 0.0073179966926593 0.00135378453166253
-11 0.000490381315033854 0.00100785451225149
-10.9375 -0.00651209257102527 0.00193864815403922
-10.875 -0.0136650551539466 0.00092501490106528
-10.8125 -0.0209429008405724 0.00141782492142243
-10.75 -0.0283188622704539 0.00169093656831321
-10.6875 -0.0357650909813802 0.00116828063721783
-10.625 -0.0432527445627957 0.00139375211968682
-10.5625 -0.0507520801029443 0.00175749588306177
-10.5 -0.0582325537047847 0.00133568385439013
-10.4375 -0.0656629258150649 0.00134520029210194
-10.375 -0.0730113720805743 0.00188021362765872
-10.3125 -0.0802455994156147 0.00127439330177848
-10.25 -0.0873329669353097 0.00137722818590394
-10.1875 -0.0942406113806154 0.00192875436170203
-10.125 -0.100935576632951 0.00118709310915559
-10.0625 -0.10738494688938 0.00206944193071451
-10 -0.113555983043339 0.00119332999254777
-9.9375 -0.119416261791239 0.00207691615853287
-9.875 -0.124933816961877 0.00139065501030704
-9.8125 -0.130077282543754 0.00190433439050651
-9.75 -0.134816036865099 0.00161135656062311
-9.6875 -0.139120347362864 0.00184113163198825
-9.625 -0.142961515360274 0.00175195656385549
-9.5625 -0.146312020257773 0.00176180950388536
-9.5 -0.14914566252955 0.00198739652903228
-9.4375 -0.15143770490738 0.00153973637675015
-9.375 -0.153165011125274 0.00201786755598235
-9.3125 -0.154306181592655 0.00144972178901516
-9.25 -0.15484168536035 0.00244362857801688
-9.1875 -0.154753987742881 0.00165595980081615
-9.125 -0.154027672962267 0.00240496772749998
-9.0625 -0.152649561182951 0.00214064556064099
-9 -0.15060881931458 0.0017905381382563
-8.9375 -0.147897064969223 0.00190883536164321
-8.875 -0.14450846297221 0.00224500157532798
-8.8125 -0.14043981384122 0.00201919740316584
-8.75 -0.13569063366643 0.00223887369034864
-8.6875 -0.130263224845542 0.00209810416210499
-8.625 -0.12416273715132 0.00251855843757139
-8.5625 -0.117397218635739 0.00187540306869745
-8.5 -0.109977655904156 0.00268360144064017
-8.4375 -0.101918003324761 0.00198132313343867
-8.375 -0.0932352007731015 0.00256120043857962
-8.3125 -0.0839491795484624 0.00245154499763681
-8.25 -0.0740828561383436 0.00221743233388374
-8.1875 -0.0636621135490534 0.00241247231014684
-8.125 -0.0527157699644249 0.00262208770106932
-8.0625 -0.0412755345407489 0.00237898613781934
-8 -0.0293759501940637 0.00283776206347531
-7.9375 -0.0170543232857851 0.00243293352541522
-7.875 -0.00435064016416384 0.00276498403547855
-7.8125 0.00869252942796952 0.00286496267286936
-7.75 0.0220301420144356 0.00243332069675078
-7.6875 0.0356148029957944 0.00332622127356083
-7.625 0.0493969020318807 0.00230841411079195
-7.5625 0.0633247609633888 0.00352035819616612
-7.5 0.0773447939816312 0.00245770410832838
-7.4375 0.0914016796978703 0.00340894528909188
-7.375 0.105438544705856 0.00282342992750331
-7.3125 0.119397158173655 0.00201807615059761
-7.25 0.133218136943761 0.00238259825147464
-7.1875 0.146841160564056 0.00340718041503413
-7.125 0.160205195616765 0.00426376741019648
-7.0625 0.173248728658263 0.00318911187860065
-7 0.185910007029792 0.00278787596007925
-6.9375 0.198127286748066 0.00323000034260367
-6.875 0.209839086635579 0.00454591156277612
-6.8125 0.220984447803504 0.00348801719068731
-6.75 0.231503197555631 0.0039631567162805
-6.6875 0.241336216739984 0.0020683796885471
-6.625 0.250425709535971 0.00547273985614347
-6.5625 0.258715474629282 0.00372852353180487
-6.5 0.266151176694487 0.00433279351709455
-6.4375 0.272680617076731 0.00389110228059553
-6.375 0.278254002539092 0.00393355702111403
-6.3125 0.282824210921485 0.00405510965677883
-6.25 0.286347052540445 0.0049223933927466
-6.1875 0.288781526147004 0.00414818152038664
-6.125 0.290090068252332 0.00445886251098571
-6.0625 0.290238794627932 0.00466724569736817
-6 0.28919773278917 0.00508349753145141
-5.9375 0.28694104427783 0.00460907678801294
-5.875 0.283447235571354 0.00534473753263682
-5.8125 0.27869935646355 0.00484285752237101
-5.75 0.272685184783762 0.00552670206833542
-5.6875 0.26539739634908 0.00520730703068184
-5.625 0.256833719076832 0.00561409123357002
-5.5625 0.246997070222626 0.0056964809229945
-5.5 0.235895675752405 0.00566737585212028
-5.4375 0.223543170905328 0.00621545749972126
-5.375 0.209958681057778 0.00576535747974245
-5.3125 0.195166882057284 0.00667900194628887
-5.25 0.179198039258522 0.00600651216295997
-5.1875 0.162088024561691 0.00701315561402041
-5.125 0.143878310826362 0.0064415500891231
-5.0625 0.124615943110981 0.00724285769613479
-5 0.104353486269682 0.00704431433187979
-4.9375 0.0831489485233533 0.00739122839624761
-4.875 0.0610656807110756 0.00775298120840338
-4.8125 0.0381722510205582 0.00773230789592634
-4.75 0.0145422950919887 0.0081257978412855
-4.6875 -0.00974565851171715 0.00825231368191977
-4.625 -0.0346083873741446 0.00862089422354825
-4.5625 -0.0599581986366734 0.00880470950883054
-4.5 -0.0857031764493197 0.00875824734885373
-4.4375 -0.111747453052095 0.00971653181227825
-4.375 -0.13799150297032 0.00968904535944768
-4.3125 -0.1643324596992 0.00979401894623194
-4.25 -0.190664454144682 0.0108213589178438
-4.1875 -0.216878973979563 0.0107800041091539
-4.125 -0.242865242966558 0.0109656699044923
-4.0625 -0.268510619193887 0.0119278788043085
-4 -0.293701011064477 0.0122112915364215
-3.9375 -0.318321309777549 0.0120905733621932
-3.875 -0.342255836941592 0.0133994839947191
-3.8125 -0.36538880586104 0.013038799283564
-3.75 -0.387604794945871 0.0139785281438263
-3.6875 -0.408789231604184 0.0144471156139278
-3.625 -0.42882888489324 0.0154030176608017
-3.5625 -0.447612365124729 0.0156647493928199
-3.5 -0.465030628545797 0.018190617470774
-3.4375 -0.480977485148902 0.0154255295509492
-3.375 -0.495350107601443 0.018696245012557
-3.3125 -0.508049539230623 0.0186258867736003
-3.25 -0.518981198950646 0.0203790361132748
-3.1875 -0.528055380978406 0.0209693026505301
-3.125 -0.535187747150771 0.0220928144073009
-3.0625 -0.54029980963159 0.0237518446552838
-3 -0.5433194017801 0.0243952687272082
-2.9375 -0.544181134944687 0.0266574221742074
-2.875 -0.542826838947198 0.0273550842079858
-2.8125 -0.539205984033552 0.0295251083334362
-2.75 -0.533276082086233 0.0314654978061656
-2.6875 -0.525003064923802 0.0334780489118112
-2.625 -0.514361637551673 0.0359070174773831
-2.5625 -0.501335604277371 0.0384198944280448
-2.5 -0.485918165662246 0.0414126108013014
-2.4375 -0.468112184350201 0.0446156894133156
-2.375 -0.447930417892383 0.0483422105854469
-2.3125 -0.425395716774892 0.0526253186461781
-2.25 -0.400541185954253 0.0572306157253773
-2.1875 -0.373410308312578 0.0630399803674005
-2.125 -0.344057028560706 0.0691165498055185
-2.0625 -0.31254579624304 0.0769228406643448
-2 -0.278951566631866 0.0854715207061156
-1.9375 -0.243359758441463 0.0961106756522192
-1.875 -0.205866167442764 0.108698709102283
-1.8125 -0.16657683521745 0.12393572517572
-1.75 -0.125607872455536 0.143084261857027
-1.6875 -0.0830852363723725 0.166493899620926
-1.625 -0.0391444619989215 0.196988210514061
-1.5625 0.00606965271737617 0.235932359552489
-1.5 0.0524034078754715 0.287947123704977
-1.4375 0.09969460832903 0.35791387408207
-1.375 0.147773015625746 0.456081686557892
-1.3125 0.196460844464161 0.594100510963513
-1.25 0.245573302753361 0.794394497852401
-1.1875 0.294919174158478 1.07789640403835
-1.125 0.34430144181191 1.45209299286657
-1.0625 0.393517951667482 1.83546881190512
-1 0.442362113773192 2.0148837939782
-0.9375 0.490623639538602 1.83847358708844
-0.875 0.538089312876207 1.45656587287232
-0.8125 0.584543792903128 1.085969176379
-0.75 0.629770445701126 0.804125944569678
-0.6875 0.673552202450083 0.607471671616883
-0.625 0.715672441073696 0.471486410360201
-0.5625 0.755915888366982 0.377239995822889
-0.5 0.794069539414268 0.309942148138101
-0.4375 0.829923590954437 0.262015640846815
-0.375 0.863272385208221 0.958623429453311
-0.3125 0.893915360551068 0.201069799831745
-0.25 0.92165800529541 0.182314728044616
-0.1875 0.94631281073881 0.169312881665654
-0.125 0.967700219540154 0.160085451422345
-0.0625 0.985649565405597 0.155266358846994
0 1 0.151909361722546
0.0625 0.985649565405597 0.155266358846994
0.125 0.967700219540154 0.160085451422345
0.1875 0.94631281073881 0.169312881665654
0.25 0.92165800529541 0.182314728044616
0.3125 0.893915360551068 0.201069799831745
0.375 0.863272385208221 0.958623429453311
0.4375 0.829923590954437 0.262015640846815
0.5 0.794069539414268 0.309942148138101
0.5625 0.755915888366982 0.377239995822889
0.625 0.715672441073696 0.471486410360201
0.6875 0.673552202450083 0.607471671616883
0.75 0.629770445701126 0.804125944569678
0.8125 0.584543792903128 1.085969176379
0.875 0.538089312876207 1.45656587287232
0.9375 0.490623639538602 1.83847358708844
1 0.442362113773192 2.0148837939782
1.0625 0.393517951667482 1.83546881190512
1.125 0.34430144181191 1.45209299286657
1.1875 0.294919174158478 1.07789640403835
1.25 0.245573302753361 0.794394497852401
1.3125 0.196460844464161 0.594100510963513
1.375 0.147773015625746 0.456081686557892
1.4375 0.09969460832903 0.35791387408207
1.5 0.0524034078754715 0.287947123704977
1.5625 0.00606965271737617 0.235932359552489
1.625 -0.0391444619989215 0.196988210514061
1.6875 -0.0830852363723725 0.166493899620926
1.75 -0.125607872455536 0.143084261857027
1.8125 -0.16657683521745 0.12393572517572
1.875 -0.205866167442764 0.108698709102283
1.9375 -0.243359758441463 0.0961106756522192
2 -0.278951566631866 0.0854715207061156
2.0625 -0.31254579624304 0.0769228406643448
2.125 -0.344057028560706 0.0691165498055185
2.1875 -0.373410308312578 0.0630399803674005
2.25 -0.400541185954253 0.0572306157253773
2.3125 -0.425395716774892 0.0526253186461781
2.375 -0.447930417892383 0.0483422105854469
2.4375 -0.468112184350201 0.0446156894133156
2.5 -0.485918165662246 0.0414126108013014
2.5625 -0.501335604277371 0.0384198944280448
2.625 -0.514361637551673 0.0359070174773831
2.6875 -0.525003064923802 0.0334780489118112
2.75 -0.533276082086233 0.0314654978061656
2.8125 -0.539205984033552 0.0295251083334362
2.875 -0.542826838947198 0.0273550842079858
2.9375 -0.544181134944687 0.0266574221742074
3 -0.5433194017801 0.0243952687272082
3.0625 -0.54029980963159 0.0237518446552838
3.125 -0.535187747150771 0.0220928144073009
3.1875 -0.528055380978406 0.0209693026505301
3.25 -0.518981198950646 0.0203790361132748
3.3125 -0.508049539230623 0.0186258867736003
3.375 -0.495350107601443 0.018696245012557
3.4375 -0.480977485148902 0.0154255295509492
3.5 -0.465030628545797 0.018190617470774
3.5625 -0.447612365124729 0.0156647493928199
3.625 -0.42882888489324 0.0154030176608017
3.6875 -0.408789231604184 0.0144471156139278
3.75 -0.387604794945871 0.0139785281438263
3.8125 -0.36538880586104 0.013038799283564
3.875 -0.342255836941592 0.0133994839947191
3.9375 -0.318321309777549 0.0120905733621932
4 -0.293701011064477 0.0122112915364215
4.0625 -0.268510619193887 0.0119278788043085
4.125 -0.242865242966558 0.0109656699044923
4.1875 -0.216878973979563 0.0107800041091539
4.25 -0.190664454144682 0.0108213589178438
4.3125 -0.1643324596992 0.00979401894623194
4.375 -0.13799150297032 0.00968904535944768
4.4375 -0.111747453052095 0.00971653181227825
4.5 -0.0857031764493197 0.00875824734885373
4.5625 -0.0599581986366734 0.00880470950883054
4.625 -0.0346083873741446 0.00862089422354825
4.6875 -0.00974565851171715 0.00825231368191977
4.75 0.0145422950919887 0.0081257978412855
4.8125 0.0381722510205582 0.00773230789592634
4.875 0.0610656807110756 0.00775298120840338
4.9375 0.0831489485233533 0.00739122839624761
5 0.104353486269682 0.00704431433187979
5.0625 0.124615943110981 0.00724285769613479
5.125 0.143878310826362 0.0064415500891231
5.1875 0.162088024561691 0.00701315561402041
5.25 0.179198039258522 0.00600651216295997
5.3125 0.195166882057284 0.00667900194628887
5.375 0.209958681057778 0.00576535747974245
5.4375 0.223543170905328 0.00621545749972126
5.5 0.235895675752405 0.00566737585212028
5.5625 0.246997070222626 0.0056964809229945
5.625 0.256833719076832 0.00561409123357002
5.6875 0.26539739634908 0.00520730703068184
5.75 0.272685184783762 0.00552670206833542
5.8125 0.27869935646355 0.00484285752237101
5.875 0.283447235571354 0.00534473753263682
5.9375 0.28694104427783 0.00460907678801294
6 0.28919773278917 0.00508349753145141
6.0625 0.290238794627932 0.00466724569736817
6.125 0.290090068252332 0.00445886251098571
6.1875 0.288781526147004 0.00414818152038664
6.25 0.286347052540445 0.0049223933927466
6.3125 0.282824210921485 0.00405510965677883
6.375 0.278254002539092 0.00393355702111403
6.4375 0.272680617076731 0.00389110228059553
6.5 0.266151176694487 0.00433279351709455
6.5625 0.258715474629282 0.00372852353180487
6.625 0.250425709535971 0.00547273985614347
6.6875 0.241336216739984 0.0020683796885471
6.75 0.231503197555631 0.0039631567162805
6.8125 0.220984447803504 0.00348801719068731
6.875 0.209839086635579 0.00454591156277612
6.9375 0.198127286748066 0.00323000034260367
7 0.185910007029792 0.00278787596007925
7.0625 0.173248728658263 0.00318911187860065
7.125 0.160205195616765 0.00426376741019648
7.1875 0.146841160564056 0.00340718041503413
7.25 0.133218136943761 0.00238259825147464
7.3125 0.119397158173655 0.00201807615059761
7.375 0.105438544705856 0.00282342992750331
7.4375 0.0914016796978703 0.00340894528909188
7.5 0.0773447939816312 0.00245770410832838
7.5625 0.0633247609633888 0.00352035819616612
7.625 0.0493969020318807 0.00230841411079195
7.6875 0.0356148029957944 0.00332622127356083
7.75 0.0220301420144356 0.00243332069675078
7.8125 0.00869252942796952 0.00286496267286936
7.875 -0.00435064016416384 0.00276498403547855
7.9375 -0.0170543232857851 0.00243293352541522
8 -0.0293759501940637 0.00283776206347531
8.0625 -0.0412755345407489 0.00237898613781934
8.125 -0.0527157699644249 0.00262208770106932
8.1875 -0.0636621135490534 0.00241247231014684
8.25 -0.0740828561383436 0.00221743233388374
8.3125 -0.0839491795484624 0.00245154499763681
8.375 -0.0932352007731015 0.00256120043857962
8.4375 -0.101918003324761 0.00198132313343867
8.5 -0.109977655904156 0.00268360144064017
8.5625 -0.117397218635739 0.00187540306869745
8.625 -0.12416273715132 0.00251855843757139
8.6875 -0.130263224845542 0.00209810416210499
8.75 -0.13569063366643 0.00223887369034864
8.8125 -0.14043981384122 0.00201919740316584
8.875 -0.14450846297221 0.00224500157532798
8.9375 -0.147897064969223 0.00190883536164321
9 -0.15060881931458 0.0017905381382563
9.0625 -0.152649561182951 0.00214064556064099
9.125 -0.154027672962267 0.00240496772749998
9.1875 -0.154753987742881 0.00165595980081615
9.25 -0.15484168536035 0.00244362857801688
9.3125 -0.154306181592655 0.00144972178901516
9.375 -0.153165011125274 0.00201786755598235
9.4375 -0.15143770490738 0.00153973637675015
9.5 -0.14914566252955 0.00198739652903228
9.5625 -0.146312020257773 0.00176180950388536
9.625 -0.142961515360274 0.00175195656385549
9.6875 -0.139120347362864 0.00184113163198825
9.75 -0.134816036865099 0.00161135656062311
9.8125 -0.130077282543754 0.00190433439050651
9.875 -0.124933816961877 0.00139065501030704
9.9375 -0.119416261791239 0.00207691615853287
10 -0.113555983043339 0.00119332999254777
10.0625 -0.10738494688938 0.00206944193071451
10.125 -0.100935576632951 0.00118709310915559
10.1875 -0.0942406113806154 0.00192875436170203
10.25 -0.0873329669353097 0.00137722818590394
10.3125 -0.0802455994156147 0.00127439330177848
10.375 -0.0730113720805743 0.00188021362765872
10.4375 -0.0656629258150649 0.00134520029210194
10.5 -0.0582325537047847 0.00133568385439013
10.5625 -0.0507520801029443 0.00175749588306177
10.625 -0.0432527445627957 0.00139375211968682
10.6875 -0.0357650909813802 0.00116828063721783
10.75 -0.0283188622704539 0.00169093656831321
10.8125 -0.0209429008405724 0.00141782492142243
10.875 -0.0136650551539466 0.00092501490106528
10.9375 -0.00651209257102527 0.00193864815403922
11 0.000490381315033854 0.00100785451225149
11.0625 0.0073179966926593 0.00135378453166253
11.125 0.0139476867622925 0.00137100253538868
11.1875 0.0203577480807928 0.00115460555467147
11.25 0.0265278939478099 0.00145286364182073
11.3125 0.0324393007917962 0.00110038158161047
11.375 0.0380746475424554 0.00140994130513648
11.4375 0.0434181480048775 0.00085378734619946
11.5 0.048455576278305 0.00160653143633501
11.5625 0.0531742852893079 0.00117311742114239
11.625 0.0575632185350434 0.00113741180249198
11.6875 0.0616129151571416 0.00134813803616202
11.75 0.0653155084905362 0.000927850354475946
11.8125 0.0686647182541644 0.000976526822310326
11.875 0.0716558365718392 0.00132134715599061
11.9375 0.0742857080316963 0.000938365233016485
12 0.07655270401138 0.00122719983538343
12.0625 0.0784566915135241 0.00115056515088639
12.125 0.0799989967720619 0.000922041694130776
12.1875 0.0811823639044442 0.00130224044128777
12.25 0.0820109088979143 0.000798115423049025
12.3125 0.082490069229599 0.0013481338217639
12.375 0.0826265494302755 0.000669438712659776
12.4375 0.0824282629102989 0.00111573705816977
12.5 0.0819042703733024 0.00055564858178252
12.5625 0.0810647151489241 0.00191818239782079
12.625 0.0799207557800009 0.000377184421831222
12.6875 0.0784844962023906 0.000616627840790276
12.75 0.0767689138568965 0.00155795855539751
12.8125 0.074787786072678 0.000971016581433261
12.875 0.0725556150600834 0.000442222363601055
12.9375 0.0700875518480767 0.00151187559836533
13 0.0673993194973867 0.00127348670360937
13.0625 0.0645071359152355 0.000151720063780824
13.125 0.0614276365910576 0.00126137730131917
13.1875 0.0581777975650499 0.00136417266620178
13.25 0.0547748589327596 0.00100452334989459
13.3125 0.051236249179284 0.000856793666730469
13.375 0.0475795106260741 0.00091802380928618
13.4375 0.0438222262618928 0.000979311734713823
13.5 0.0399819482172133 0.000701751927496382
13.5625 0.0360761281283585 0.00111494739108214
13.625 0.0321220496240147 0.00067805365075921
13.6875 0.028136763152502 0.000930014736449596
13.75 0.0241370233534003 0.000945708280826256
13.8125 0.0201392291618986 0.000663822722026142
13.875 0.0161593668186276 0.00103011462084293
13.9375 0.0122129559418101 0.000679402085171824
14 0.00831499880241645 0.00111270888434051
14.0625 0.00447993292668694 0.000554963595167636
14.125 0.000721587133969943 0.00107085752066623
14.1875 -0.00294685889862038 0.000605545337302397
14.25 -0.0065129114696266 0.00096450408740697
14.3125 -0.00996479602595182 0.000668270969057009
14.375 -0.0132914866321798 0.000930355851264616
14.4375 -0.0164827317097534 0.000649243266947593
14.5 -0.0195290760348739 0.000862043504729447
14.5625 -0.0224218789992665 0.000875457172056494
14.625 -0.0251533291528403 0.000470046670222568
14.6875 -0.0277164550617175 0.00134609091061485
14.75 -0.0301051325290548 -2.86741107888983E-07
14.8125 -0.0323140882395007 0.00145919670760933
14.875 -0.0343388999009702 0.000188152510839232
14.9375 -0.0361759929696521 0.000877517409157367
15 -0.037822634055742 0.000736275021397169
