0 0 0.288674033149171 0
0.015625 0.00451375634630741 0.28929315219268 3.52511254463407E-05
0.03125 0.00904686016272445 0.291150509323204 0.000141155653895594
0.046875 0.0136186589193608 0.294246104540746 0.000318167041678455
0.0625 0.018248500086326 0.298579937845304 0.000567041049346081
0.078125 0.0229557311337297 0.304152009236878 0.000888835741670092
0.09375 0.0277596995316816 0.31096231871547 0.00128491148764257
0.109375 0.0326797527502914 0.319010866281077 0.00175693096047607
0.125 0.0377352382596685 0.328297651933702 0.00230685913760359
0.140625 0.0429455035299227 0.338822675673343 0.00293696330067861
0.15625 0.0483298960311637 0.3505859375 0.00364981303557507
0.171875 0.053907763233501 0.363587437413674 0.00444828023238735
0.1875 0.0596984526070442 0.377827175414365 0.00533553908543033
0.203125 0.0657213116219031 0.393305151502072 0.00631506609323934
0.21875 0.0719956877481872 0.410021365676796 0.00739064005857015
0.234375 0.0785409284560061 0.427975817938536 0.00856634208839901
0.25 0.0853763812154696 0.447168508287293 0.00984655559392265
0.265625 0.0925213934966873 0.467599436723066 0.0112359662905582
0.28125 0.0999953127697687 0.489268603245856 0.0127395621979434
0.296875 0.107817486504823 0.512176007855663 0.0143626336399363
0.3125 0.116007262171961 0.536321650552486 0.0161107732446154
0.328125 0.124583987241292 0.561705531336326 0.0179898759442798
0.34375 0.133567009182925 0.588327650207182 0.020006138975449
0.359375 0.14297567546697 0.616188007165055 0.022166061878863
0.375 0.152829333563536 0.645286602209945 0.024476446499482
0.390625 0.163147330942734 0.675623435341851 0.0269443969864872
0.40625 0.173949015074672 0.707198506560773 0.0295773197932797
0.421875 0.185253733429461 0.740011815866713 0.0323829236774813
0.4375 0.19708083347721 0.774063363259669 0.0353692197009345
0.453125 0.209449662688029 0.809353148739641 0.0385445212297018
0.46875 0.222379568532027 0.84588117230663 0.0419174439340665
0.484375 0.235889898479314 0.883647433960635 0.0454969057885323
0.5 0.25 0.922651933701657 0.0492921270718232
0.515625 0.264725131883147 0.962109644768646 0.0533126143954735
0.53125 0.280064198193629 1.00123554040055 0.0575679850183139
0.546875 0.296012014315273 1.04002962059738 0.0620677911609576
0.5625 0.312563395631906 1.07849188535912 0.0668215040343901
0.578125 0.329713157527355 1.11662233468577 0.0718385138399693
0.59375 0.347456115385445 1.15442096857735 0.0771281297694254
0.609375 0.365787084590006 1.19188778703384 0.0826995800048607
0.625 0.384700880524862 1.22902279005525 0.08856201171875
0.640625 0.404192318573841 1.26582597764157 0.0947244910739403
0.65625 0.42425621412077 1.30229734979282 0.101196003223651
0.671875 0.444887382549476 1.33843690650898 0.107985452311474
0.6875 0.466080639243785 1.37424464779006 0.115101661471372
0.703125 0.487830799587524 1.40972057363605 0.122553372827683
0.71875 0.51013267896452 1.44486468404696 0.130349247495114
0.734375 0.5329810927586 1.47967697902279 0.138497865578746
0.75 0.556370856353591 1.51415745856354 0.147007726174033
0.765625 0.58029678513332 1.5483061226692 0.1558872473668
0.78125 0.604753694481613 1.58212297133978 0.165144766233244
0.796875 0.629736399782297 1.61560800457528 0.174788538839936
0.8125 0.655239716419199 1.64876122237569 0.184826740243817
0.828125 0.681258459776146 1.68158262474102 0.195267464492202
0.84375 0.707787445236965 1.71407221167127 0.206118724622779
0.859375 0.734821488185482 1.74622998316644 0.217388452663606
0.875 0.762355404005525 1.77805593922652 0.229084499633115
0.890625 0.79038400808092 1.80955007985152 0.241214635540109
0.90625 0.818902115795494 1.84071240504144 0.253786549383764
0.921875 0.847904542533074 1.87154291479627 0.266807849153629
0.9375 0.877386103677486 1.90204160911602 0.280286061829625
0.953125 0.907341614612558 1.93220848800069 0.294228633382044
0.96875 0.937765890722117 1.96204355145028 0.308642928771551
0.984375 0.968653747389988 1.99154679946478 0.323536231949184
1 1 2.0207182320442 0.338915745856354
1.015625 1.0318005598711 2.04976826873273 0.354788596705837
1.03125 1.06405572206276 2.07890732907459 0.371161881072745
1.046875 1.09676687756955 2.10813541306975 0.388042712985481
1.0625 1.12993541738605 2.13745252071823 0.40543822820674
1.078125 1.16356273250685 2.16685865202003 0.423355584233505
1.09375 1.19765021392654 2.19635380697514 0.441801960297052
1.109375 1.23219925263969 2.22593798558356 0.460784557362946
1.125 1.26721123964088 2.2556111878453 0.480310598131043
1.140625 1.30268756592471 2.28537341376036 0.500387327035488
1.15625 1.33862962248576 2.31522466332873 0.521022010244717
1.171875 1.3750388003186 2.34516493655041 0.542221935661458
1.1875 1.41191649041782 2.37519423342541 0.563994412922727
1.203125 1.449264083778 2.40531255395373 0.586346773399832
1.21875 1.48708297139373 2.43551989813536 0.609286370198371
1.234375 1.52537454425959 2.4658162659703 0.632820578158231
1.25 1.56414019337017 2.49620165745856 0.656956793853591
1.265625 1.60338130972003 2.52667607260014 0.68170243559292
1.28125 1.64309928430378 2.55723951139503 0.707064943418977
1.296875 1.68329550811599 2.58789197384323 0.733051779108811
1.3125 1.72397137215124 2.61863345994475 0.759670426173763
1.328125 1.76512826740412 2.64946396969958 0.786928389859463
1.34375 1.80676758486922 2.68038350310773 0.814833197145831
1.359375 1.8488907155411 2.7113920601692 0.843392396747078
1.375 1.89149905041436 2.74248964088398 0.872613559111706
1.390625 1.93459398048359 2.77367624525207 0.902504276422506
1.40625 1.97817689674335 2.80495187327348 0.93307216259656
1.421875 2.02224919018824 2.8363165249482 0.964324853285241
1.4375 2.06681225181285 2.86777020027624 0.996270005874212
1.453125 2.11186747261174 2.8993128992576 1.02891529948343
1.46875 2.15741624357951 2.93094462189226 1.06226843496713
1.484375 2.20345995571073 2.96266536818025 1.09633713491384
1.5 2.25 2.99447513812155 1.13112914364641
1.515625 2.29703747238243 3.02631728030041 1.16665222606936
1.53125 2.34457228855534 3.0581351433011 1.2029141549906
1.546875 2.39260406915654 3.08992872712362 1.23992269844311
1.5625 2.4411324348239 3.12169803176796 1.2776856185323
1.578125 2.49015700619524 3.15344305723412 1.31621067143606
1.59375 2.53967740390841 3.1851638035221 1.35550560740476
1.609375 2.58969324860125 3.21686027063191 1.39557817076122
1.625 2.6402041609116 3.24853245856354 1.43643609990072
1.640625 2.69120976147731 3.28018036731699 1.47808712729104
1.65625 2.7427096709362 3.31180399689227 1.52053897947238
1.671875 2.79470350992614 3.34340334728937 1.56379937705743
1.6875 2.84719089908494 3.37497841850829 1.60787603473136
1.703125 2.90017145905047 3.40652921054903 1.65277666125179
1.71875 2.95364481046055 3.4380557234116 1.6985089594488
1.734375 3.00761057395303 3.469557957096 1.74508062622494
1.75 3.06206837016575 3.50103591160221 1.79249935255525
1.765625 3.11701781973654 3.53248958693025 1.8407728234872
1.78125 3.17245854330326 3.56391898308011 1.88990871814074
1.796875 3.22839016150374 3.5953241000518 1.93991470970831
1.8125 3.28481229497583 3.62670493784531 1.99079846545478
1.828125 3.34172456435736 3.65806149646064 2.0425676467175
1.84375 3.39912659028617 3.68939377589779 2.09522990890629
1.859375 3.45701799340011 3.72070177615677 2.14879290150345
1.875 3.51539839433702 3.75198549723757 2.20326426806371
1.890625 3.57426741373473 3.78324493914019 2.2586516462143
1.90625 3.63362467223109 3.81448010186464 2.31496266765489
1.921875 3.69346979046395 3.84569098541091 2.37220495815764
1.9375 3.75380238907113 3.87687758977901 2.43038613756717
1.953125 3.81462208869049 3.90803991496892 2.48951381980056
1.96875 3.87592850995986 3.93917796098066 2.54959561284734
1.984375 3.93772127351708 3.97029172781423 2.61063911876955
2 4 4.00138121546961 2.67265193370166
2.015625 4.06276439434916 4.03246261006561 2.73564164817992
2.03125 4.1260144987159 4.06355209772099 2.79961585076474
2.046875 4.18975043955429 4.09464967843577 2.86458213166308
2.0625 4.25397234331837 4.12575535220994 2.93054808305772
2.078125 4.3186803364622 4.15686911904351 2.9975212991073
2.09375 4.38387454543983 4.18799097893646 3.0655093759463
2.109375 4.44955509670532 4.21912093188881 3.13451991168504
2.125 4.51572211671271 4.25025897790055 3.2045605064097
2.140625 4.58237573191606 4.28140511697169 3.27563876218229
2.15625 4.64951606876942 4.31255934910221 3.34776228304067
2.171875 4.71714325372685 4.34372167429213 3.42093867499855
2.1875 4.7852574132424 4.37489209254144 3.49517554604546
2.203125 4.85385867377012 4.40607060385014 3.57048050614681
2.21875 4.92294716176407 4.43725720821823 3.64686116724383
2.234375 4.9925230036783 4.46845190564572 3.72432514325361
2.25 5.06258632596685 4.4996546961326 3.80288005006906
2.265625 5.13313725508379 4.53086557967887 3.88253350555897
2.28125 5.20417591748317 4.56208455628453 3.96329312956794
2.296875 5.27570243961903 4.59331162594959 4.04516654391644
2.3125 5.34771694794544 4.62454678867403 4.12816137240078
2.328125 5.42021956891645 4.65579004445787 4.2122852407931
2.34375 5.4932104289861 4.68704139330111 4.29754577684139
2.359375 5.56668965460846 4.71830083520373 4.3839506102695
2.375 5.64065737223757 4.74956837016575 4.47150737277711
2.390625 5.71511370832749 4.78084399818716 4.56022369803974
2.40625 5.79005878933227 4.81212771926796 4.65010722170877
2.421875 5.86549274170596 4.84341953340815 4.74116558141142
2.4375 5.94141569190263 4.87471944060774 4.83340641675074
2.453125 6.01782776637631 4.90602744086671 4.92683736930565
2.46875 6.09472909158106 4.93734353418508 5.0214660826309
2.484375 6.17211979397094 4.96866772056285 5.11730020225707
2.5 6.25 5 5.21434737569061
2.515625 6.32836979397094 5.03133227943716 5.31261525224915
2.53125 6.40722909158106 5.06265646581492 5.41211148125032
2.546875 6.48657776637631 5.09397255913329 5.51284371020056
2.5625 6.56641569190262 5.12528055939227 5.61481958463047
2.578125 6.64674274170596 5.15658046659185 5.7180467480948
2.59375 6.72755878933227 5.18787228073204 5.82253284217244
2.609375 6.80886370832749 5.21915600181285 5.92828550646648
2.625 6.89065737223757 5.25043162983425 6.03531237860411
2.640625 6.97293965460846 5.28169916479627 6.14362109423672
2.65625 7.0557104289861 5.3129586066989 6.25321928703983
2.671875 7.13896956891645 5.34420995554213 6.36411458871312
2.6875 7.22271694794544 5.37545321132597 6.47631462898044
2.703125 7.30695243961903 5.40668837405041 6.58982703558977
2.71875 7.39167591748317 5.43791544371547 6.70465943431327
2.734375 7.47688725508379 5.46913442032113 6.82081944894725
2.75 7.56258632596685 5.5003453038674 6.93831470131216
2.765625 7.6487730036783 5.53154809435428 7.05715281125261
2.78125 7.73544716176407 5.56274279178177 7.17734139663738
2.796875 7.82260867377012 5.59392939614986 7.29888807335941
2.8125 7.9102574132424 5.62510790745856 7.42180045533575
2.828125 7.99839325372685 5.65627832570787 7.54608615450767
2.84375 8.08701606876942 5.68744065089779 7.67175278084054
2.859375 8.17612573191606 5.71859488302831 7.79880794232392
2.875 8.26572211671271 5.74974102209945 7.92725924497151
2.890625 8.35580509670532 5.78087906811119 8.05711429282117
2.90625 8.44637454543983 5.81200902106354 8.18838068793492
2.921875 8.5374303364622 5.84313088095649 8.32106603039892
2.9375 8.62897234331837 5.87424464779005 8.4551779183235
2.953125 8.72100043955429 5.90535032156423 8.59072394784313
2.96875 8.8135144987159 5.936447902279 8.72771171311647
2.984375 8.90651439434916 5.96753738993439 8.8661488063263
3 9 5.99861878453039 9.00604281767956
3.015625 9.09397127351708 6.02970827218577 9.14740133573666
3.03125 9.18842850995986 6.06082203901934 9.29023195103387
3.046875 9.28337208869049 6.09196008503108 9.43454225970566
3.0625 9.37880238907113 6.12312241022099 9.58033986381404
3.078125 9.47471979046395 6.15430901458909 9.72763237134857
3.09375 9.57112467223109 6.18551989813536 9.87642739622632
3.109375 9.66801741373473 6.21675506085981 10.0267325582919
3.125 9.76539839433702 6.24801450276243 10.1785554833175
3.140625 9.86326799340011 6.27929822384323 10.3319038030028
3.15625 9.96162659028617 6.31060622410221 10.4867851549749
3.171875 10.0604745643574 6.34193850353936 10.6432071827887
3.1875 10.1598122949758 6.3732950621547 10.8011775359264
3.203125 10.2596401615037 6.4046758999482 10.9607038697979
3.21875 10.3599585433033 6.43608101691989 11.1217938457405
3.234375 10.4607678197365 6.46751041306975 11.284455131019
3.25 10.5620683701657 6.49896408839779 11.448695398826
3.265625 10.663860573953 6.530442042904 11.6145223282813
3.28125 10.7661448104605 6.5619442765884 11.7819436044324
3.296875 10.8689214590505 6.59347078945097 11.9509669182544
3.3125 10.9721908990849 6.62502158149171 12.1215999666498
3.328125 11.0759535099261 6.65659665271063 12.2938504524488
3.34375 11.1802096709362 6.68819600310773 12.4677260844088
3.359375 11.2849597614773 6.71981963268301 12.6432345772152
3.375 11.3902041609116 6.75146754143646 12.8203836514805
3.390625 11.4959432486013 6.78313972936809 12.999181033745
3.40625 11.6021774039084 6.8148361964779 13.1796344564765
3.421875 11.7089070061952 6.84655694276588 13.3617516580702
3.4375 11.8161324348239 6.87830196823204 13.5455403828489
3.453125 11.9238540691565 6.91007127287638 13.7310083810631
3.46875 12.0320722885553 6.94186485669889 13.9181634088906
3.484375 12.1407874723824 6.97368271969958 14.1070132284369
3.5 12.25 7.00552486187845 14.2975656077348
3.515625 12.3597099557107 7.03733463181975 14.4898283195924
3.53125 12.4699162435795 7.06905537810773 14.6838091289141
3.546875 12.5806174726117 7.1006871007424 14.8795157800228
3.5625 12.6918122518128 7.13222979972376 15.076955995507
3.578125 12.8034991901882 7.1636834750518 15.276137476221
3.59375 12.9156768967434 7.19504812672652 15.4770679012847
3.609375 13.0283439804836 7.22632375474793 15.6797549280837
3.625 13.1414990504144 7.25751035911602 15.8842061922695
3.640625 13.2551407155411 7.2886079398308 16.0904293077591
3.65625 13.3692675848692 7.31961649689226 16.2984318667354
3.671875 13.4838782674041 7.35053603030041 16.5082214396467
3.6875 13.5989713721512 7.38136654005525 16.7198055752075
3.703125 13.714545508116 7.41210802615677 16.9331918003974
3.71875 13.8305992843038 7.44276048860497 17.1483876204622
3.734375 13.94713130972 7.47332392739986 17.3654005189133
3.75 14.0641401933702 7.50379834254143 17.5842379575276
3.765625 14.1816245442596 7.5341837340297 17.804907376348
3.78125 14.2995829713937 7.56448010186464 18.0274161936828
3.796875 14.418014083778 7.59468744604627 18.2517718061064
3.8125 14.5369164904178 7.62480576657458 18.4779815884585
3.828125 14.6562888003186 7.65483506344958 18.7060528938448
3.84375 14.7761296224858 7.68477533667127 18.9359930536365
3.859375 14.8964375659247 7.71462658623964 19.1678093774707
3.875 15.0172112396409 7.74438881215469 19.4015091532502
3.890625 15.1384492526397 7.77406201441643 19.6370996471433
3.90625 15.2601502139265 7.80364619302486 19.8745881035842
3.921875 15.3823127325069 7.83314134797997 20.1139817452727
3.9375 15.504935417386 7.86254747928177 20.3552877731745
3.953125 15.6280168775695 7.89186458693025 20.5985133665207
3.96875 15.7515557220628 7.92109267092541 20.8436656828085
3.984375 15.8755505598711 7.95023173126726 21.0907518578004
4 16 7.9792817679558 21.3397790055249
4.015625 16.12490374739 8.00845320053522 21.590754222557
4.03125 16.2502658907221 8.03795644854972 21.8436846351097
4.046875 16.3760916146126 8.06779151199931 22.0985774461242
4.0625 16.5023861036775 8.09795839088398 22.3554399395516
4.078125 16.6291545425331 8.12845708520373 22.6142794803526
4.09375 16.7564021157955 8.15928759495857 22.8751035144975
4.109375 16.8841340080809 8.19044992014848 23.1379195689661
4.125 17.0123554040055 8.22194406077348 23.4027352517481
4.140625 17.1410714881855 8.25377001683357 23.6695582518426
4.15625 17.270287445237 8.28592778832873 23.9383963392584
4.171875 17.4000084597761 8.31841737525898 24.209257365014
4.1875 17.5302397164192 8.35123877762431 24.4821492611374
4.203125 17.6609863997823 8.38439199542472 24.7570800406663
4.21875 17.7922536944816 8.41787702866022 25.034057797648
4.234375 17.9240467851333 8.4516938773308 25.3130907071394
4.25 18.0563708563536 8.48584254143647 25.5941870252072
4.265625 18.1892310927586 8.52032302097721 25.8773550889275
4.28125 18.3226326789645 8.55513531595304 26.1626033163861
4.296875 18.4565807995875 8.59027942636395 26.4499402066785
4.3125 18.5910806392438 8.62575535220995 26.7393743399098
4.328125 18.7261373825495 8.66156309349102 27.0309143771947
4.34375 18.8617562141208 8.69770265020718 27.3245690606576
4.359375 18.9979423185738 8.73417402235843 27.6203472134323
4.375 19.1347008805249 8.77097720994475 27.9182577396625
4.390625 19.27203708459 8.80811221296616 28.2183096245014
4.40625 19.4099561153854 8.84557903142265 28.5205119341118
4.421875 19.5484631575274 8.88337766531423 28.8248738156662
4.4375 19.6875633956319 8.92150811464088 29.1314044973468
4.453125 19.8272620143153 8.95997037940263 29.4401132883453
4.46875 19.9675641981936 8.99876445959945 29.7510095788629
4.484375 20.1084751318831 9.03789035523135 30.0641028401107
4.5 20.25 9.07734806629834 30.3794026243094
4.515625 20.3921398984793 9.11635256603936 30.6969185487177
4.53125 20.534879568532 9.15411882769337 31.0166601199472
4.546875 20.678199662688 9.19064685126036 31.3386365582765
4.5625 20.8220808334772 9.22593663674033 31.6628567816803
4.578125 20.9665037334295 9.25998818413329 31.9893294058287
4.59375 21.1114490150747 9.29280149343923 32.3180627440879
4.609375 21.2568973309427 9.32437656465815 32.6490648075197
4.625 21.4028293335635 9.35471339779006 32.9823433048817
4.640625 21.549225675467 9.38381199283494 33.3179056426274
4.65625 21.6960670091829 9.41167234979282 33.6557589249058
4.671875 21.8433339872413 9.43829446866367 33.9959099535619
4.6875 21.991007262172 9.46367834944751 34.3383652281366
4.703125 22.1390674865048 9.48782399214434 34.6831309458663
4.71875 22.2874953127698 9.51073139675414 35.0302130016833
4.734375 22.4362713934967 9.53240056327693 35.3796169882157
4.75 22.5853763812155 9.55283149171271 35.7313481957873
4.765625 22.734790928456 9.57202418206146 36.0854116124178
4.78125 22.8844956877482 9.5899786343232 36.4418119238226
4.796875 23.0344713116219 9.60669484849793 36.800553513413
4.8125 23.184698452607 9.62217282458564 37.1616404622958
4.828125 23.3351577632335 9.63641256258633 37.5250765492738
4.84375 23.4858298960312 9.6494140625 37.8908652508456
4.859375 23.6366955035299 9.66117732432666 38.2590097412055
4.875 23.7877352382597 9.6717023480663 38.6295128922436
4.890625 23.9389297527503 9.68098913371892 39.0023772735457
4.90625 24.0902596995317 9.68903768128453 39.3776051523936
4.921875 24.2417057311337 9.69584799076312 39.7551984937645
4.9375 24.3932485000863 9.7014200621547 40.1351589603319
4.953125 24.5448686589194 9.70575389545925 40.5174879124645
4.96875 24.6965468601627 9.7088494906768 40.9021864082273
4.984375 24.8482637563463 9.71070684780732 41.2892552033808
5 25 9.71132596685083 41.6786947513812
