100 0.014617573191052
100.03125 0.0146527559096461
100.0625 0.0146880657332508
100.09375 0.0147235032745293
100.125 0.0147590691498391
100.15625 0.0147947639792579
100.1875 0.0148305883866113
100.21875 0.0148665429994995
100.25 0.0149026284493247
100.28125 0.0149388453713191
100.3125 0.0149751944045727
100.34375 0.0150116761920612
100.375 0.0150482913806747
100.40625 0.0150850406212458
100.4375 0.0151219245685793
100.46875 0.0151589438814804
100.5 0.0151960992227846
100.53125 0.0152333912593872
100.5625 0.015270820662273
100.59375 0.0153083881065468
100.625 0.0153460942714632
100.65625 0.0153839398404576
100.6875 0.0154219255011772
100.71875 0.0154600519455119
100.75 0.0154983198696258
100.78125 0.0155367299739891
100.8125 0.0155752829634097
100.84375 0.015613979547066
100.875 0.0156528204385387
100.90625 0.0156918063558445
100.9375 0.0157309380214684
100.96875 0.0157702161623977
101 0.0158096415101552
101.03125 0.0158492148008336
101.0625 0.0158889367751297
101.09375 0.0159288081783784
101.125 0.0159688297605886
101.15625 0.0160090022764776
101.1875 0.0160493264855068
101.21875 0.0160898031519175
101.25 0.0161304330447674
101.28125 0.0161712169379663
101.3125 0.0162121556103136
101.34375 0.0162532498455348
101.375 0.0162945004323196
101.40625 0.0163359081643588
101.4375 0.016377473840383
101.46875 0.0164191982642011
101.5 0.0164610822447384
101.53125 0.0165031265960765
101.5625 0.0165453321374921
101.59375 0.0165876996934974
101.625 0.0166302300938798
101.65625 0.0166729241737426
101.6875 0.0167157827735461
101.71875 0.0167588067391484
101.75 0.0168019969218475
101.78125 0.016845354178423
101.8125 0.0168888793711787
101.84375 0.0169325733679852
101.875 0.0169764370423231
101.90625 0.0170204712733266
101.9375 0.0170646769458274
101.96875 0.0171090549503989
102 0.0171536061834013
102.03125 0.0171983315470265
102.0625 0.0172432319493435
102.09375 0.0172883083043447
102.125 0.0173335615319922
102.15625 0.0173789925582646
102.1875 0.017424602315204
102.21875 0.0174703917409642
102.25 0.0175163617798583
102.28125 0.0175625133824076
102.3125 0.0176088475053906
102.34375 0.0176553651118921
102.375 0.0177020671713536
102.40625 0.0177489546596232
102.4375 0.0177960285590071
102.46875 0.0178432898583201
102.5 0.017890739552938
102.53125 0.0179383786448497
102.5625 0.0179862081427098
102.59375 0.018034229061892
102.625 0.0180824424245429
102.65625 0.0181308492596362
102.6875 0.0181794506030273
102.71875 0.0182282474975088
102.75 0.0182772409928661
102.78125 0.0183264321459339
102.8125 0.0183758220206528
102.84375 0.0184254116881269
102.875 0.0184752022266816
102.90625 0.018525194721922
102.9375 0.018575390266792
102.96875 0.0186257899616341
103 0.018676394914249
103.03125 0.0187272062399568
103.0625 0.018778225061658
103.09375 0.0188294525098954
103.125 0.0188808897229168
103.15625 0.0189325378467378
103.1875 0.0189843980352055
103.21875 0.0190364714500628
103.25 0.0190887592610132
103.28125 0.0191412626457866
103.3125 0.0191939827902049
103.34375 0.0192469208882494
103.375 0.0193000781421276
103.40625 0.0193534557623416
103.4375 0.0194070549677569
103.46875 0.0194608769856717
103.5 0.0195149230518866
103.53125 0.0195691944107758
103.5625 0.0196236923153585
103.59375 0.0196784180273707
103.625 0.0197333728173381
103.65625 0.0197885579646501
103.6875 0.0198439747576333
103.71875 0.0198996244936269
103.75 0.0199555084790585
103.78125 0.0200116280295203
103.8125 0.0200679844698464
103.84375 0.0201245791341907
103.875 0.0201814133661059
103.90625 0.0202384885186224
103.9375 0.0202958059543295
103.96875 0.0203533670454554
104 0.0204111731739499
104.03125 0.0204692257315671
104.0625 0.0205275261199481
104.09375 0.0205860757507064
104.125 0.0206448760455124
104.15625 0.0207039284361795
104.1875 0.0207632343647514
104.21875 0.0208227952835895
104.25 0.0208826126554615
104.28125 0.0209426879536312
104.3125 0.021003022661949
104.34375 0.0210636182749427
104.375 0.0211244762979104
104.40625 0.0211855982470133
104.4375 0.0212469856493701
104.46875 0.0213086400431517
104.5 0.0213705629776778
104.53125 0.0214327560135134
104.5625 0.0214952207225671
104.59375 0.02155795868819
104.625 0.021620971505276
104.65625 0.0216842607803624
104.6875 0.0217478281317322
104.71875 0.0218116751895173
104.75 0.0218758035958024
104.78125 0.0219402150047306
104.8125 0.0220049110826094
104.84375 0.0220698935080184
104.875 0.0221351639719175
104.90625 0.022200724177757
104.9375 0.0222665758415878
104.96875 0.0223327206921739
105 0.022399160471105
105.03125 0.0224658969329113
105.0625 0.0225329318451783
105.09375 0.022600266988664
105.125 0.0226679041574166
105.15625 0.0227358451588934
105.1875 0.0228040918140814
105.21875 0.0228726459576189
105.25 0.0229415094379182
105.28125 0.02301068411729
105.3125 0.0230801718720686
105.34375 0.023149974592739
105.375 0.023220094184065
105.40625 0.0232905325652183
105.4375 0.0233612916699101
105.46875 0.0234323734465225
105.5 0.0235037798582431
105.53125 0.0235755128831992
105.5625 0.0236475745145949
105.59375 0.0237199667608488
105.625 0.0237926916457336
105.65625 0.0238657512085169
105.6875 0.0239391475041039
105.71875 0.0240128826031812
105.75 0.0240869585923622
105.78125 0.0241613775743346
105.8125 0.0242361416680085
105.84375 0.0243112530086675
105.875 0.0243867137481198
105.90625 0.0244625260548523
105.9375 0.0245386921141854
105.96875 0.0246152141284305
106 0.024692094317048
106.03125 0.0247693349168081
106.0625 0.0248469381819526
106.09375 0.0249249063843589
106.125 0.0250032418137059
106.15625 0.0250819467776409
106.1875 0.0251610236019496
106.21875 0.0252404746307267
106.25 0.0253203022265494
106.28125 0.0254005087706522
106.3125 0.0254810966631037
106.34375 0.0255620683229857
106.375 0.025643426188574
106.40625 0.0257251727175212
106.4375 0.0258073103870416
106.46875 0.0258898416940981
106.5 0.0259727691555916
106.53125 0.0260560953085516
106.5625 0.0261398227103299
106.59375 0.0262239539387961
106.625 0.0263084915925348
106.65625 0.026393438291046
106.6875 0.026478796674947
106.71875 0.0265645694061769
106.75 0.0266507591682031
106.78125 0.0267373686662306
106.8125 0.0268244006274134
106.84375 0.0269118578010683
106.875 0.026999742958891
106.90625 0.0270880588951753
106.9375 0.0271768084270337
106.96875 0.0272659943946217
107 0.0273556196613637
107.03125 0.0274456871141822
107.0625 0.0275361996637292
107.09375 0.0276271602446205
107.125 0.0277185718156725
107.15625 0.0278104373601417
107.1875 0.0279027598859675
107.21875 0.0279955424260172
107.25 0.0280887880383338
107.28125 0.0281824998063874
107.3125 0.0282766808393287
107.34375 0.0283713342722461
107.375 0.028466463266425
107.40625 0.0285620710096115
107.4375 0.0286581607162775
107.46875 0.0287547356278901
107.5 0.0288517990131839
107.53125 0.0289493541684364
107.5625 0.0290474044177463
107.59375 0.0291459531133159
107.625 0.0292450036357362
107.65625 0.0293445593942756
107.6875 0.029444623827172
107.71875 0.0295452004019282
107.75 0.0296462926156113
107.78125 0.0297479039951551
107.8125 0.0298500380976667
107.84375 0.0299526985107358
107.875 0.0300558888527491
107.90625 0.0301596127732074
107.9375 0.0302638739530467
107.96875 0.0303686761049634
108 0.0304740229737437
108.03125 0.0305799183365961
108.0625 0.0306863660034886
108.09375 0.0307933698174901
108.125 0.0309009336551156
108.15625 0.0310090614266752
108.1875 0.0311177570766288
108.21875 0.0312270245839433
108.25 0.0313368679624555
108.28125 0.031447291261239
108.3125 0.0315582985649754
108.34375 0.0316698939943308
108.375 0.0317820817063355
108.40625 0.0318948658947705
108.4375 0.0320082507905564
108.46875 0.0321222406621493
108.5 0.03223683981594
108.53125 0.0323520525966591
108.5625 0.0324678833877866
108.59375 0.0325843366119673
108.625 0.0327014167314304
108.65625 0.032819128248415
108.6875 0.0329374757056013
108.71875 0.0330564636865461
108.75 0.033176096816125
108.78125 0.0332963797609793
108.8125 0.0334173172299687
108.84375 0.0335389139746303
108.875 0.0336611747896428
108.90625 0.0337841045132969
108.9375 0.0339077080279713
108.96875 0.0340319902606153
109 0.0341569561832374
109.03125 0.0342826108134
109.0625 0.0344089592147202
109.09375 0.0345360064973778
109.125 0.0346637578186293
109.15625 0.0347922183833282
109.1875 0.0349213934444529
109.21875 0.0350512883036407
109.25 0.0351819083117292
109.28125 0.035313258869304
109.3125 0.0354453454272545
109.34375 0.0355781734873365
109.375 0.0357117486027415
109.40625 0.0358460763786749
109.4375 0.0359811624729401
109.46875 0.0361170125965318
109.5 0.0362536325142358
109.53125 0.0363910280452377
109.5625 0.0365292050637393
109.59375 0.0366681694995824
109.625 0.0368079273388826
109.65625 0.0369484846246696
109.6875 0.0370898474575371
109.71875 0.0372320219963015
109.75 0.0373750144586686
109.78125 0.0375188311219098
109.8125 0.0376634783235471
109.84375 0.0378089624620478
109.875 0.0379552899975276
109.90625 0.0381024674524641
109.9375 0.0382505014124195
109.96875 0.038399398526773
110 0.0385491655094633
110.03125 0.0386998091397413
110.0625 0.0388513362629326
110.09375 0.0390037537912111
110.125 0.0391570687043824
110.15625 0.0393112880506781
110.1875 0.0394664189475618
110.21875 0.039622468582545
110.25 0.0397794442140149
110.28125 0.0399373531720734
110.3125 0.040096202859388
110.34375 0.040256000752054
110.375 0.040416754400469
110.40625 0.0405784714302197
110.4375 0.0407411595429802
110.46875 0.0409048265174242
110.5 0.0410694802101486
110.53125 0.0412351285566112
110.5625 0.0414017795720803
110.59375 0.041569441352599
110.625 0.0417381220759622
110.65625 0.0419078300027076
110.6875 0.0420785734771209
110.71875 0.042250360928255
110.75 0.0424232008709638
110.78125 0.0425971019069508
110.8125 0.0427720727258325
110.84375 0.0429481221062172
110.875 0.0431252589167989
110.90625 0.0433034921174673
110.9375 0.0434828307604333
110.96875 0.0436632839913716
111 0.0438448610505783
111.03125 0.0440275712741469
111.0625 0.0442114240951602
111.09375 0.0443964290449001
111.125 0.0445825957540743
111.15625 0.0447699339540622
111.1875 0.0449584534781775
111.21875 0.0451481642629504
111.25 0.045339076349428
111.28125 0.0455311998844941
111.3125 0.0457245451222084
111.34375 0.0459191224251655
111.375 0.0461149422658738
111.40625 0.0463120152281554
111.4375 0.0465103520085658
111.46875 0.0467099634178361
111.5 0.0469108603823353
111.53125 0.0471130539455556
111.5625 0.0473165552696195
111.59375 0.0475213756368091
111.625 0.0477275264511196
111.65625 0.0479350192398346
111.6875 0.048143865655127
111.71875 0.0483540774756824
111.75 0.0485656666083486
111.78125 0.0487786450898094
111.8125 0.0489930250882837
111.84375 0.0492088189052517
111.875 0.0494260389772059
111.90625 0.0496446978774305
111.9375 0.0498648083178072
111.96875 0.050086383150649
112 0.0503094353705628
112.03125 0.0505339781163398
112.0625 0.0507600246728767
112.09375 0.0509875884731253
112.125 0.0512166831000732
112.15625 0.0514473222887556
112.1875 0.0516795199282978
112.21875 0.0519132900639907
112.25 0.0521486468993984
112.28125 0.0523856047984984
112.3125 0.0526241782878571
112.34375 0.0528643820588382
112.375 0.0531062309698468
112.40625 0.0533497400486093
112.4375 0.0535949244944895
112.46875 0.0538417996808411
112.5 0.0540903811573986
112.53125 0.0543406846527063
112.5625 0.0545927260765863
112.59375 0.0548465215226457
112.625 0.0551020872708255
112.65625 0.0553594397899896
112.6875 0.0556185957405563
112.71875 0.0558795719771724
112.75 0.0561423855514312
112.78125 0.0564070537146342
112.8125 0.0566735939205988
112.84375 0.0569420238285114
112.875 0.0572123613058278
112.90625 0.0574846244312212
112.9375 0.057758831497579
112.96875 0.058035001015049
113 0.0583131517141366
113.03125 0.0585933025488529
113.0625 0.0588754726999158
113.09375 0.0591596815780044
113.125 0.0594459488270678
113.15625 0.0597342943276895
113.1875 0.0600247382005085
113.21875 0.0603173008096985
113.25 0.0606120027665047
113.28125 0.0609088649328419
113.3125 0.061207908424953
113.34375 0.0615091546171302
113.375 0.0618126251454991
113.40625 0.062118341911868
113.4375 0.0624263270876436
113.46875 0.062736603117813
113.5 0.0630491927249952
113.53125 0.0633641189135626
113.5625 0.0636814049738328
113.59375 0.0640010744863347
113.625 0.0643231513261477
113.65625 0.0646476596673173
113.6875 0.0649746239873471
113.71875 0.0653040690717707
113.75 0.0656360200188027
113.78125 0.0659705022440727
113.8125 0.0663075414854423
113.84375 0.0666471638079075
113.875 0.066989395608588
113.90625 0.0673342636218057
113.9375 0.0676817949242534
113.96875 0.0680320169402559
114 0.0683849574471257
114.03125 0.0687406445806147
114.0625 0.0690991068404641
114.09375 0.069460373096055
114.125 0.0698244725921605
114.15625 0.0701914349548031
114.1875 0.070561290197218
114.21875 0.0709340687259258
114.25 0.0713098013469157
114.28125 0.0716885192719427
114.3125 0.0720702541249398
114.34375 0.0724550379485494
114.375 0.0728429032107746
114.40625 0.0732338828117543
114.4375 0.0736280100906634
114.46875 0.0740253188327427
114.5 0.0744258432764587
114.53125 0.0748296181207989
114.5625 0.0752366785327026
114.59375 0.0756470601546328
114.625 0.0760607991122902
114.65625 0.0764779320224736
114.6875 0.0768984960010889
114.71875 0.0773225286713111
114.75 0.0777500681719016
114.78125 0.0781811531656844
114.8125 0.0786158228481853
114.84375 0.0790541169564364
114.875 0.0794960757779514
114.90625 0.0799417401598736
114.9375 0.080391151518301
114.96875 0.0808443518477937
115 0.0813013837310651
115.03125 0.081762290348864
115.0625 0.0822271154900489
115.09375 0.0826959035618611
115.125 0.0831686996003999
115.15625 0.0836455492813049
115.1875 0.0841264989306495
115.21875 0.0846115955360509
115.25 0.085100886758002
115.28125 0.0855944209414287
115.3125 0.086092247127479
115.34375 0.0865944150655496
115.375 0.0871009752255534
115.40625 0.0876119788104358
115.4375 0.0881274777689443
115.46875 0.0886475248086571
115.5 0.0891721734092774
115.53125 0.0897014778361991
115.5625 0.0902354931543507
115.59375 0.0907742752423229
115.625 0.091317880806788
115.65625 0.0918663673972171
115.6875 0.0924197934209013
115.71875 0.0929782181582865
115.75 0.0935417017786268
115.78125 0.0941103053559649
115.8125 0.0946840908854484
115.84375 0.0952631212999884
115.875 0.0958474604872691
115.90625 0.0964371733071176
115.9375 0.097032325609242
115.96875 0.0976329842513466
116 0.0982392171176332
116.03125 0.098851093137699
116.0625 0.0994686823058395
116.09375 0.100092055700767
116.125 0.100721285505754
116.15625 0.101356445029215
116.1875 0.101997608725732
116.21875 0.10264485221754
116.25 0.103298252316484
116.28125 0.103957887046449
116.3125 0.104623835666297
116.34375 0.105296178693291
116.375 0.105974997927059
116.40625 0.106660376474068
116.4375 0.107352398772656
116.46875 0.108051150618624
116.5 0.108756719191386
116.53125 0.109469193080727
116.5625 0.110188662314143
116.59375 0.110915218384818
116.625 0.111648954280218
116.65625 0.11238996451135
116.6875 0.113138345142676
116.71875 0.113894193822718
116.75 0.114657609815369
116.78125 0.115428694031912
116.8125 0.116207549063795
116.84375 0.116994279216152
116.875 0.117788990542112
116.90625 0.1185917908779
116.9375 0.119402789878769
116.96875 0.120222099055768
117 0.121049831813377
117.03125 0.121886103488034
117.0625 0.122731031387572
117.09375 0.123584734831592
117.125 0.124447335192807
117.15625 0.125318955939368
117.1875 0.126199722678207
117.21875 0.127089763199427
117.25 0.127989207521764
117.28125 0.128898187939151
117.3125 0.129816839068412
117.34375 0.13074529789813
117.375 0.131683703838698
117.40625 0.132632198773611
117.4375 0.133590927112019
117.46875 0.13456003584258
117.5 0.135539674588649
117.53125 0.136529995664845
117.5625 0.137531154135028
117.59375 0.138543307871734
117.625 0.139566617617102
117.65625 0.140601247045342
117.6875 0.141647362826784
117.71875 0.14270513469356
117.75 0.143774735506954
117.78125 0.144856341326485
117.8125 0.145950131480761
117.84375 0.147056288640155
117.875 0.148174998891372
117.90625 0.149306451813946
117.9375 0.150450840558727
117.96875 0.151608361928428
118 0.152779216460279
118.03125 0.153963608510863
118.0625 0.155161746343191
118.09375 0.156373842216088
118.125 0.157600112475954
118.15625 0.158840777650989
118.1875 0.160096062547925
118.21875 0.161366196351383
118.25 0.162651412725892
118.28125 0.163951949920692
118.3125 0.165268050877377
118.34375 0.166599963340478
118.375 0.167947939971085
118.40625 0.169312238463582
118.4375 0.170693121665619
118.46875 0.172090857701395
118.5 0.173505720098381
118.53125 0.174937987917579
118.5625 0.176387945887422
118.59375 0.177855884541459
118.625 0.17934210035991
118.65625 0.180846895915244
118.6875 0.182370580021896
118.71875 0.183913467890258
118.75 0.185475881285092
118.78125 0.187058148688491
118.8125 0.188660605467561
118.84375 0.190283594046953
118.875 0.191927464086434
118.90625 0.19359257266363
118.9375 0.195279284462149
118.96875 0.196987971965232
119 0.198719015655136
119.03125 0.200472804218443
119.0625 0.202249734757475
119.09375 0.204050213008046
119.125 0.205874653563755
119.15625 0.207723480107039
119.1875 0.209597125647229
119.21875 0.211496032765841
119.25 0.213420653869357
119.28125 0.215371451449754
119.3125 0.217348898353047
119.34375 0.219353478056134
119.375 0.221385684952232
119.40625 0.223446024645198
119.4375 0.225535014253067
119.46875 0.227653182721107
119.5 0.22980107114477
119.53125 0.231979233102848
119.5625 0.234188235001238
119.59375 0.236428656427678
119.625 0.238701090517861
119.65625 0.241006144333331
119.6875 0.243344439251607
119.71875 0.245716611368969
119.75 0.248123311916377
119.78125 0.250565207689013
119.8125 0.253042981489948
119.84375 0.255557332588456
119.875 0.258108977193535
119.90625 0.260698648943194
119.9375 0.263327099410111
119.96875 0.265995098624275
120 0.268703435613265
120.03125 0.271452918960833
120.0625 0.274244377384499
120.09375 0.277078660332888
120.125 0.279956638603576
120.15625 0.282879204982234
120.1875 0.285847274903909
120.21875 0.28886178713731
120.25 0.291923704492996
120.28125 0.295034014556415
120.3125 0.298193730446784
120.34375 0.301403891602837
120.375 0.304665564596504
120.40625 0.307979843975669
120.4375 0.311347853137156
120.46875 0.314770745231178
120.5 0.318249704098535
120.53125 0.321785945241887
120.5625 0.325380716832508
120.59375 0.329035300753982
120.625 0.332751013684375
120.65625 0.336529208218468
120.6875 0.34037127403174
120.71875 0.34427863908784
120.75 0.348252770891384
120.78125 0.352295177787987
120.8125 0.356407410313551
120.84375 0.360591062594883
120.875 0.364847773803866
120.90625 0.369179229667472
120.9375 0.373587164036033
120.96875 0.378073360512291
121 0.382639654143882
121.03125 0.387287933182017
121.0625 0.39202014090928
121.09375 0.396838277539579
121.125 0.401744402193445
121.15625 0.406740634952047
121.1875 0.411829158993409
121.21875 0.417012222814537
121.25 0.422292142543316
121.28125 0.427671304344232
121.3125 0.43315216692218
121.34375 0.438737264128828
121.375 0.444429207676228
121.40625 0.450230689962603
121.4375 0.45614448701548
121.46875 0.462173461557602
121.5 0.468320566201333
121.53125 0.474588846777542
121.5625 0.480981445805273
121.59375 0.487501606108815
121.625 0.494152674589133
121.65625 0.500938106156971
121.6875 0.507861467835314
121.71875 0.514926443039285
121.75 0.522136836041983
121.78125 0.52949657663519
121.8125 0.53700972499434
121.84375 0.544680476757645
121.875 0.552513168329754
121.90625 0.560512282420893
121.9375 0.568682453832974
121.96875 0.577028475504788
122 0.585555304828985
122.03125 0.594268070254261
122.0625 0.60317207818682
122.09375 0.612272820205932
122.125 0.621575980609195
122.15625 0.63108744430389
122.1875 0.640813305061697
122.21875 0.650759874154911
122.25 0.660933689393271
122.28125 0.671341524581459
122.3125 0.681990399418408
122.34375 0.692887589860594
122.375 0.704040638972678
122.40625 0.715457368289997
122.4375 0.72714588971869
122.46875 0.739114618000528
122.5 0.751372283770854
122.53125 0.763927947239489
122.5625 0.776791012525888
122.59375 0.789971242681373
122.625 0.80347877543286
122.65625 0.817324139684093
122.6875 0.831518272812136
122.71875 0.846072538798549
122.75 0.860998747236504
122.78125 0.876309173256871
122.8125 0.892016578418176
122.84375 0.908134232607197
122.875 0.92467593699882
122.90625 0.941656048125701
122.9375 0.959089503110075
122.96875 0.976991846111928
123 0.995379256049462
123.03125 1.01426857564946
123.0625 1.03367734188671
123.09375 1.05362381787293
123.125 1.07412702625702
123.15625 1.09520678419901
123.1875 1.11688373998097
123.21875 1.13917941131809
123.25 1.16211622543291
123.28125 1.18571756095466
123.3125 1.21000779170405
123.34375 1.23501233242142
123.375 1.26075768649245
123.40625 1.2872714957212
123.4375 1.31458259219381
123.46875 1.34272105226868
123.5 1.37171825271913
123.53125 1.40160692904248
123.5625 1.43242123593516
123.59375 1.46419680991539
123.625 1.49697083405421
123.65625 1.5307821047499
123.6875 1.56567110045097
123.71875 1.60168005219728
123.75 1.63885301580699
123.78125 1.67723594548758
123.8125 1.71687676859216
123.84375 1.75782546117468
123.875 1.80013412391982
123.90625 1.84385705793276
123.9375 1.8890508397691
123.96875 1.93577439496395
124 1.98408906918
124.03125 2.03405869593339
124.0625 2.08574965967256
124.09375 2.13923095277416
124.125 2.19457422477962
124.15625 2.2518538219216
124.1875 2.31114681467816
124.21875 2.37253301073911
124.25 2.43609495037014
124.28125 2.50191788071061
124.3125 2.57008970503655
124.34375 2.640700902456
124.375 2.71384441287552
124.40625 2.78961548138107
124.4375 2.86811145540893
124.46875 2.94943152724317
124.5 3.03367641346348
124.53125 3.12094796198441
124.5625 3.21134867627941
124.59375 3.30498114528104
124.625 3.4019473663071
124.65625 3.5023479472054
124.6875 3.60628117276786
124.71875 3.71384191938142
124.75 3.82512040091538
124.78125 3.94020072806373
124.8125 4.05915926285994
124.84375 4.18206274997306
124.875 4.30896620681614
124.90625 4.43991055561801
124.9375 4.57491998262002
124.96875 4.71399901268629
125 4.85712929211048
125.03125 5.00426607853854
125.0625 5.15533444499647
125.09375 5.31022521530345
125.125 5.4687906609366
125.15625 5.63084000491602
125.1875 5.79613479663643
125.21875 5.96438424279015
125.25 6.13524060342323
125.28125 6.30829478830559
125.3125 6.48307231642066
125.34375 6.65902982934323
125.375 6.8355523759868
125.40625 7.01195170959441
125.4375 7.18746585538123
125.46875 7.36126021596393
125.5 7.53243047840717
125.53125 7.70000756810727
125.5625 7.86296485780922
125.59375 8.02022778248076
125.625 8.1706859313583
125.65625 8.31320758768325
125.6875 8.44665656700058
125.71875 8.5699110713301
125.75 8.68188413647161
125.78125 8.78154511285986
125.8125 8.86794149811256
125.84375 8.94022034378918
125.875 8.99764840140235
125.90625 9.03963016287027
125.9375 9.06572299437875
125.96875 9.07564866141895
126 9.06930069266259
126.03125 9.04674722210665
126.0625 9.0082291687636
126.09375 8.95415384412579
126.125 8.88508430145323
126.15625 8.80172494020196
126.1875 8.70490403898716
126.21875 8.59555400104268
126.25 8.47469015208438
126.28125 8.34338893206263
126.3125 8.20276627457913
126.34375 8.05395687957208
126.375 7.89809496742678
126.40625 7.73629696801235
126.4375 7.56964645789875
126.46875 7.39918152329736
126.5 7.22588460304864
126.53125 7.05067476073913
126.5625 6.87440225080966
126.59375 6.697845181192
126.625 6.52170803371202
126.65625 6.34662178109869
126.6875 6.1731453330435
126.71875 6.00176805011639
126.75 5.8329130802063
126.78125 5.66694129449133
126.8125 5.50415562612029
126.84375 5.34480564262802
126.875 5.1890922109191
126.90625 5.03717214019834
126.9375 4.88916271266393
126.96875 4.74514603361078
127 4.60517315158356
127.03125 4.46926791534195
127.0625 4.33743054776679
127.09375 4.20964092765465
127.125 4.08586157888165
127.15625 3.96604037295426
127.1875 3.85011295579617
127.21875 3.73800491302575
127.25 3.62963369021459
127.28125 3.5249102859157
127.3125 3.42374073581058
127.34375 3.32602740631986
127.375 3.23167011559654
127.40625 3.14056709909318
127.4375 3.05261583596074
127.46875 2.96771375147319
127.5 2.88575880953952
127.53125 2.80665000820715
127.5625 2.73028778991422
127.59375 2.65657437713542
127.625 2.58541404300556
127.65625 2.51671332550753
127.6875 2.45038119288264
127.71875 2.38632916706609
127.75 2.32447141116706
127.78125 2.26472478630177
127.8125 2.2070088824449
127.84375 2.15124602738681
127.875 2.09736127736672
127.90625 2.0452823924908
127.9375 1.99493979963416
127.96875 1.94626654516328
128 1.89919823949448
128.03125 1.85367299522244
128.0625 1.80963136030473
128.09375 1.76701624757151
128.125 1.72577286163939
128.15625 1.68584862414369
128.1875 1.64719309805874
128.21875 1.60975791175114
128.25 1.57349668330281
128.28125 1.53836494554662
128.3125 1.50432007217724
128.34375 1.47132120522997
128.375 1.43932918416109
128.40625 1.40830647671227
128.4375 1.3782171116981
128.46875 1.34902661381891
128.5 1.32070194057001
128.53125 1.29321142129176
128.5625 1.26652469838329
128.59375 1.24061267068389
128.625 1.21544743901107
128.65625 1.19100225383171
128.6875 1.16725146503249
128.71875 1.14417047374779
128.75 1.12173568619647
128.78125 1.09992446947441
128.8125 1.07871510924534
128.84375 1.05808676927034
128.875 1.03801945271417
128.90625 1.01849396516571
128.9375 0.999491879309211
128.96875 0.980995501183206
129 0.962987837964365
129.03125 0.945452567214363
129.0625 0.928374007528994
129.09375 0.911737090530093
129.125 0.895527334142269
129.15625 0.87973081709817
129.1875 0.864334154617668
129.21875 0.849324475208205
129.25 0.834689398535364
129.28125 0.820417014314621
129.3125 0.80649586217708
129.34375 0.792914912463919
129.375 0.779663547906075
129.40625 0.766731546147541
129.4375 0.754109063072443
129.46875 0.74178661689779
129.5 0.72975507299549
129.53125 0.718005629408892
129.5625 0.706529803030654
129.59375 0.695319416410346
129.625 0.684366585161596
129.65625 0.673663705940085
129.6875 0.663203444965011
129.71875 0.65297872705797
129.75 0.642982725174475
129.78125 0.633208850404496
129.8125 0.623650742419603
129.84375 0.614302260345327
129.875 0.605157474038473
129.90625 0.596210655750048
129.9375 0.587456272155466
129.96875 0.578888976734572
130 0.570503602484901
130.03125 0.562295154952404
130.0625 0.554258805564645
130.09375 0.546389885252236
130.125 0.538683878344958
130.15625 0.531136416729707
130.1875 0.523743274258013
130.21875 0.516500361391531
130.25 0.509403720074417
130.28125 0.502449518822105
130.3125 0.495634048016475
130.34375 0.488953715397922
130.375 0.482405041745291
130.40625 0.475984656735074
130.4375 0.469689294971726
130.46875 0.463515792181291
130.5 0.457461081560982
130.53125 0.451522190277656
130.5625 0.445696236108504
130.59375 0.43998042421758
130.625 0.434372044062116
130.65625 0.428868466422851
130.6875 0.423467140552873
130.71875 0.41816559143976
130.75 0.412961417176027
130.78125 0.407852286433144
130.8125 0.402835936034603
130.84375 0.397910168623732
130.875 0.393072850422158
130.90625 0.388321909074999
130.9375 0.383655331579081
130.96875 0.379071162290606
131 0.374567501008899
131.03125 0.370142501133006
131.0625 0.365794367888055
131.09375 0.361521356618453
131.125 0.357321771145103
131.15625 0.353193962183988
131.1875 0.349136325823545
131.21875 0.345147302058413
131.25 0.341225373377216
131.28125 0.337369063402171
131.3125 0.333576935578392
131.34375 0.329847591910866
131.375 0.326179671747166
131.40625 0.322571850604058
131.4375 0.319022839036221
131.46875 0.315531381545401
131.5 0.312096255528389
131.53125 0.30871627026226
131.5625 0.305390265925415
131.59375 0.302117112653004
131.625 0.298895709625387
131.65625 0.295724984188322
131.6875 0.29260389100367
131.71875 0.289531411229406
131.75 0.286506551727825
131.78125 0.283528344300837
131.8125 0.280595844951331
131.84375 0.277708133169597
131.875 0.274864311243865
131.90625 0.272063503594034
131.9375 0.269304856127732
131.96875 0.26658753561785
132 0.263910729100763
132.03125 0.261273643294454
132.0625 0.258675504035806
132.09375 0.256115555736358
132.125 0.253593060855837
132.15625 0.251107299392817
132.1875 0.248657568391882
132.21875 0.246243181466685
132.25 0.24386346833834
132.28125 0.24151777438857
132.3125 0.239205460227109
132.34375 0.236925901272825
132.375 0.234678487348081
132.40625 0.232462622285872
132.4375 0.230277723549269
132.46875 0.228123221862753
132.5 0.225998560855005
132.53125 0.22390319671277
132.5625 0.221836597845385
132.59375 0.219798244559627
132.625 0.217787628744501
132.65625 0.215804253565641
132.6875 0.213847633168984
132.71875 0.21191729239341
132.75 0.210012766492032
132.78125 0.208133600861847
132.8125 0.206279350781469
132.84375 0.204449581156667
132.875 0.202643866273444
132.90625 0.200861789558418
132.9375 0.199102943346239
132.96875 0.19736692865383
133 0.195653354961224
133.03125 0.193961839998758
133.0625 0.192292009540447
133.09375 0.190643497203316
133.125 0.189015944252494
133.15625 0.187408999411901
133.1875 0.185822318680328
133.21875 0.184255565152748
133.25 0.182708408846685
133.28125 0.181180526533484
133.3125 0.179671601574317
133.34375 0.178181323760788
133.375 0.176709389159975
133.40625 0.175255499963792
133.4375 0.173819364342507
133.46875 0.172400696302308
133.5 0.170999215546788
133.53125 0.169614647342214
133.5625 0.168246722386478
133.59375 0.166895176681607
133.625 0.165559751409732
133.65625 0.164240192812396
133.6875 0.162936252073114
133.71875 0.161647685203076
133.75 0.160374252929904
133.78125 0.159115720589366
133.8125 0.15787185801996
133.84375 0.156642439460286
133.875 0.155427243449113
133.90625 0.154226052728073
133.9375 0.153038654146896
133.96875 0.151864838571107
134 0.150704400792129
134.03125 0.149557139439699
134.0625 0.148422856896552
134.09375 0.147301359215287
134.125 0.146192456037367
134.15625 0.145095960514178
134.1875 0.144011689230101
134.21875 0.142939462127529
134.25 0.141879102433774
134.28125 0.140830436589822
134.3125 0.139793294180859
134.34375 0.138767507868548
134.375 0.137752913324984
134.40625 0.136749349168285
134.4375 0.135756656899789
134.46875 0.134774680842781
134.5 0.133803268082742
134.53125 0.132842268409049
134.5625 0.131891534258104
134.59375 0.130950920657847
134.625 0.130020285173604
134.65625 0.129099487855262
134.6875 0.128188391185696
134.71875 0.127286860030447
134.75 0.1263947615886
134.78125 0.125511965344834
134.8125 0.124638343022609
134.84375 0.123773768538467
134.875 0.122918117957408
134.90625 0.12207126944932
134.9375 0.121233103246427
134.96875 0.120403501601736
135 0.119582348748454
135.03125 0.118769530860339
135.0625 0.117964936012986
135.09375 0.117168454145987
135.125 0.11637997702598
135.15625 0.115599398210536
135.1875 0.114826613012875
135.21875 0.114061518467382
135.25 0.113304013295919
135.28125 0.112553997874885
135.3125 0.111811374203033
135.34375 0.111076045870004
135.375 0.110347918025568
135.40625 0.109626897349563
135.4375 0.108912892022488
135.46875 0.108205811696767
135.5 0.107505567468639
135.53125 0.106812071850675
135.5625 0.106125238744899
135.59375 0.1054449834165
135.625 0.104771222468118
135.65625 0.1041038738147
135.6875 0.103442856658891
135.71875 0.102788091466966
135.75 0.102139499945288
135.78125 0.101497005017265
135.8125 0.100860530800809
135.84375 0.100230002586272
135.875 0.0996053468148645
135.90625 0.0989864910575267
135.9375 0.0983733639942486
135.96875 0.0977658953938329
136 0.0971640160940833
136.03125 0.096567657982411
136.0625 0.0959767539768486
136.09375 0.0953912380074625
136.125 0.094811044998153
136.15625 0.0942361108488346
136.1875 0.0936663724179857
136.21875 0.0931017675055607
136.25 0.092542234836254
136.28125 0.0919877140431102
136.3125 0.0914381456514701
136.34375 0.0908934710632455
136.375 0.0903536325415155
136.40625 0.0898185731954369
136.4375 0.0892882369654603
136.46875 0.0887625686088464
136.5 0.0882415136854741
136.53125 0.0877250185439352
136.5625 0.0872130303079079
136.59375 0.0867054968628034
136.625 0.0862023668426791
136.65625 0.0857035896174126
136.6875 0.0852091152801306
136.71875 0.0847188946348866
136.75 0.0842328791845818
136.78125 0.0837510211191247
136.8125 0.0832732733038227
136.84375 0.0827995892680011
136.875 0.0823299231938452
136.90625 0.0818642299054589
136.9375 0.0814024648581368
136.96875 0.0809445841278436
137 0.0804905444008971
137.03125 0.0800403029638504
137.0625 0.0795938176935678
137.09375 0.0791510470474921
137.125 0.0787119500540972
137.15625 0.078276486303523
137.1875 0.0778446159383887
137.21875 0.0774162996447801
137.25 0.0769914986434078
137.28125 0.0765701746809319
137.3125 0.0761522900214499
137.34375 0.0757378074381451
137.375 0.0753266902050908
137.40625 0.0749189020892077
137.4375 0.074514407342371
137.46875 0.0741131706936647
137.5 0.0737151573417784
137.53125 0.0733203329475461
137.5625 0.072928663626621
137.59375 0.0725401159422862
137.625 0.0721546568983965
137.65625 0.07177225393245
137.6875 0.0713928749087855
137.71875 0.0710164881119042
137.75 0.0706430622399123
137.78125 0.0702725663980827
137.8125 0.0699049700925327
137.84375 0.0695402432240157
137.875 0.0691783560818248
137.90625 0.0688192793378053
137.9375 0.0684629840404744
137.96875 0.0681094416092459
138 0.0677586238287576
138.03125 0.0674105028432992
138.0625 0.0670650511513396
138.09375 0.06672224160015
138.125 0.0663820473805218
138.15625 0.0660444420215782
138.1875 0.065709399385676
138.21875 0.0653768936633966
138.25 0.0650468993686248
138.28125 0.0647193913337127
138.3125 0.0643943447047285
138.34375 0.0640717349367863
138.375 0.063751537789458
138.40625 0.0634337293222628
138.4375 0.0631182858902358
138.46875 0.0628051841395716
138.5 0.0624944010033423
138.53125 0.0621859136972899
138.5625 0.0618796997156886
138.59375 0.0615757368272791
138.625 0.0612740030712705
138.65625 0.0609744767534104
138.6875 0.0606771364421214
138.71875 0.0603819609647026
138.75 0.0600889294035944
138.78125 0.0597980210927065
138.8125 0.0595092156138068
138.84375 0.0592224927929709
138.875 0.0589378326970904
138.90625 0.0586552156304393
138.9375 0.0583746221312971
138.96875 0.0580960329686277
139 0.0578194291388132
139.03125 0.0575447918624415
139.0625 0.0572721025811461
139.09375 0.057001342954498
139.125 0.0567324948569485
139.15625 0.0564655403748215
139.1875 0.0562004618033547
139.21875 0.0559372416437891
139.25 0.0556758626005051
139.28125 0.0554163075782056
139.3125 0.0551585596791436
139.34375 0.0549026022003947
139.375 0.0546484186311739
139.40625 0.0543959926501946
139.4375 0.0541453081230696
139.46875 0.0538963490997547
139.5 0.0536490998120315
139.53125 0.0534035446710308
139.5625 0.0531596682647958
139.59375 0.0529174553558821
139.625 0.0526768908789974
139.65625 0.0524379599386768
139.6875 0.0522006478069957
139.71875 0.0519649399213176
139.75 0.0517308218820774
139.78125 0.0514982794505998
139.8125 0.0512672985469503
139.84375 0.0510378652478209
139.875 0.0508099657844479
139.90625 0.0505835865405617
139.9375 0.0503587140503685
139.96875 0.050135334996563
140 0.0499134362083714
140.03125 0.0496930046596249
140.0625 0.0494740274668616
140.09375 0.0492564918874586
140.125 0.0490403853177914
140.15625 0.0488256952914223
140.1875 0.048612409477315
140.21875 0.0484005156780776
140.25 0.0481900018282308
140.28125 0.0479808559925031
140.3125 0.047773066364151
140.34375 0.047566621263305
140.375 0.0473615091353395
140.40625 0.0471577185492679
140.4375 0.046955238196161
140.46875 0.0467540568875893
140.5 0.0465541635540879
140.53125 0.0463555472436449
140.5625 0.0461581971202113
140.59375 0.0459621024622335
140.625 0.0457672526612067
140.65625 0.0455736372202507
140.6875 0.0453812457527051
140.71875 0.0451900679807461
140.75 0.0450000937340232
140.78125 0.0448113129483155
140.8125 0.0446237156642078
140.84375 0.0444372920257859
140.875 0.0442520322793505
140.90625 0.0440679267721502
140.9375 0.0438849659511317
140.96875 0.0437031403617098
141 0.0435224406465528
141.03125 0.0433428575443873
141.0625 0.0431643818888188
141.09375 0.0429870046071697
141.125 0.0428107167193336
141.15625 0.0426355093366461
141.1875 0.0424613736607715
141.21875 0.0422883009826052
141.25 0.0421162826811916
141.28125 0.0419453102226573
141.3125 0.0417753751591597
141.34375 0.0416064691278492
141.375 0.0414385838498475
141.40625 0.0412717111292391
141.4375 0.041105842852077
141.46875 0.0409409709854027
141.5 0.0407770875762796
141.53125 0.0406141847508394
141.5625 0.0404522547133427
141.59375 0.0402912897452512
141.625 0.0401312822043141
141.65625 0.0399722245236661
141.6875 0.0398141092109384
141.71875 0.0396569288473812
141.75 0.0395006760869991
141.78125 0.0393453436556978
141.8125 0.0391909243504419
141.84375 0.0390374110384256
141.875 0.0388847966562532
141.90625 0.0387330742091316
141.9375 0.0385822367700734
141.96875 0.0384322774791106
142 0.0382831895425197
142.03125 0.0381349662320558
142.0625 0.0379876008841986
142.09375 0.037841086899407
142.125 0.0376954177413853
142.15625 0.0375505869363573
142.1875 0.037406588072352
142.21875 0.0372634147984969
142.25 0.0371210608243227
142.28125 0.0369795199190754
142.3125 0.0368387859110387
142.34375 0.0366988526868644
142.375 0.036559714190913
142.40625 0.0364213644246012
142.4375 0.0362837974457595
142.46875 0.0361470073679974
142.5 0.036010988360077
142.53125 0.0358757346452951
142.5625 0.0357412405008731
142.59375 0.0356075002573546
142.625 0.0354745082980115
142.65625 0.0353422590582571
142.6875 0.0352107470250673
142.71875 0.0350799667364089
142.75 0.0349499127806755
142.78125 0.0348205797961307
142.8125 0.0346919624703581
142.84375 0.0345640555397187
142.875 0.0344368537888154
142.90625 0.0343103520499637
142.9375 0.0341845452026697
142.96875 0.0340594281731146
143 0.0339349959336456
143.03125 0.0338112435022737
143.0625 0.0336881659421769
143.09375 0.0335657583612112
143.125 0.0334440159114261
143.15625 0.0333229337885873
143.1875 0.0332025072317053
143.21875 0.0330827315225692
143.25 0.0329636019852875
143.28125 0.0328451139858332
143.3125 0.032727262931596
143.34375 0.0326100442709392
143.375 0.0324934534927624
143.40625 0.0323774861260694
143.4375 0.0322621377395419
143.46875 0.032147403941118
143.5 0.0320332803775764
143.53125 0.0319197627341249
143.5625 0.0318068467339952
143.59375 0.0316945281380416
143.625 0.0315828027443447
143.65625 0.031471666387821
143.6875 0.0313611149398359
143.71875 0.0312511443078225
143.75 0.0311417504349043
143.78125 0.0310329292995226
143.8125 0.0309246769150693
143.84375 0.0308169893295228
143.875 0.0307098626250893
143.90625 0.0306032929178477
143.9375 0.0304972763573999
143.96875 0.0303918091265238
144 0.0302868874408318
144.03125 0.0301825075484324
144.0625 0.0300786657295967
144.09375 0.0299753582964284
144.125 0.0298725815925376
144.15625 0.0297703319927189
144.1875 0.029668605902633
144.21875 0.0295673997584926
144.25 0.0294667100267509
144.28125 0.0293665332037954
144.3125 0.0292668658156439
144.34375 0.0291677044176446
144.375 0.0290690455941801
144.40625 0.0289708859583743
144.4375 0.0288732221518031
144.46875 0.0287760508442081
144.5 0.0286793687332144
144.53125 0.0285831725440508
144.5625 0.0284874590292738
144.59375 0.0283922249684949
144.625 0.0282974671681103
144.65625 0.028203182461035
144.6875 0.0281093677064388
144.71875 0.0280160197894859
144.75 0.0279231356210776
144.78125 0.0278307121375976
144.8125 0.0277387463006605
144.84375 0.0276472350968632
144.875 0.0275561755375388
144.90625 0.0274655646585139
144.9375 0.0273753995198684
144.96875 0.0272856772056974
145 0.0271963948238773
145.03125 0.0271075495058328
145.0625 0.0270191384063081
145.09375 0.0269311587031397
145.125 0.026843607597032
145.15625 0.0267564823113359
145.1875 0.0266697800918289
145.21875 0.0265834982064991
145.25 0.0264976339453301
145.28125 0.0264121846200895
145.3125 0.026327147564119
145.34375 0.0262425201321275
145.375 0.026158299699986
145.40625 0.0260744836645247
145.4375 0.0259910694433333
145.46875 0.0259080544745622
145.5 0.0258254362167269
145.53125 0.025743212148514
145.5625 0.02566137976859
145.59375 0.0255799365954112
145.625 0.0254988801670366
145.65625 0.0254182080409429
145.6875 0.0253379177938404
145.71875 0.0252580070214923
145.75 0.0251784733385353
145.78125 0.025099314378302
145.8125 0.0250205277926459
145.84375 0.0249421112517673
145.875 0.0248640624440426
145.90625 0.0247863790758536
145.9375 0.0247090588714203
145.96875 0.0246320995726346
146 0.0245554989388958
146.03125 0.0244792547469486
146.0625 0.024403364790722
146.09375 0.0243278268811705
146.125 0.0242526388461166
146.15625 0.0241777985300954
146.1875 0.0241033037942006
146.21875 0.0240291525159322
146.25 0.0239553425890458
146.28125 0.0238818719234039
146.3125 0.0238087384448279
146.34375 0.0237359400949526
146.375 0.0236634748310819
146.40625 0.0235913406260458
146.4375 0.0235195354680593
146.46875 0.0234480573605826
146.5 0.0233769043221825
146.53125 0.023306074386396
146.5625 0.0232355656015948
146.59375 0.023165376030851
146.625 0.0230955037518048
146.65625 0.0230259468565336
146.6875 0.0229567034514215
146.71875 0.0228877716570314
146.75 0.0228191496079779
146.78125 0.0227508354528013
146.8125 0.0226828273538429
146.84375 0.0226151234871228
146.875 0.0225477220422167
146.90625 0.0224806212221364
146.9375 0.0224138192432098
146.96875 0.0223473143349629
147 0.022281104740003
147.03125 0.0222151887139028
147.0625 0.022149564525086
147.09375 0.022084230454714
147.125 0.0220191847965735
147.15625 0.0219544258569657
147.1875 0.0218899519545963
147.21875 0.0218257614204667
147.25 0.0217618525977666
147.28125 0.0216982238417669
147.3125 0.0216348735197146
147.34375 0.0215718000107287
147.375 0.0215090017056959
147.40625 0.0214464770071693
147.4375 0.0213842243292666
147.46875 0.02132224209757
147.5 0.0212605287490268
147.53125 0.0211990827318515
147.5625 0.0211379025054282
147.59375 0.0210769865402146
147.625 0.0210163333176467
147.65625 0.020955941330044
147.6875 0.0208958090805169
147.71875 0.0208359350828735
147.75 0.0207763178615284
147.78125 0.0207169559514121
147.8125 0.0206578478978809
147.84375 0.0205989922566288
147.875 0.0205403875935985
147.90625 0.0204820324848954
147.9375 0.0204239255167005
147.96875 0.0203660652851855
148 0.0203084503964282
148.03125 0.0202510794663288
148.0625 0.0201939511205267
148.09375 0.0201370639943189
148.125 0.0200804167325787
148.15625 0.0200240079896747
148.1875 0.0199678364293917
148.21875 0.0199119007248518
148.25 0.0198561995584358
148.28125 0.0198007316217063
148.3125 0.0197454956153307
148.34375 0.0196904902490058
148.375 0.0196357142413822
148.40625 0.0195811663199901
148.4375 0.0195268452211659
148.46875 0.0194727496899785
148.5 0.0194188784801577
148.53125 0.0193652303540225
148.5625 0.0193118040824098
148.59375 0.0192585984446049
148.625 0.0192056122282712
148.65625 0.0191528442293818
148.6875 0.0191002932521515
148.71875 0.0190479581089685
148.75 0.0189958376203283
148.78125 0.0189439306147669
148.8125 0.0188922359287953
148.84375 0.0188407524068347
148.875 0.0187894789011517
148.90625 0.0187384142717949
148.9375 0.0186875573865314
148.96875 0.0186369071207844
149 0.0185864623575713
149.03125 0.0185362219874419
149.0625 0.018486184908418
149.09375 0.0184363500259329
149.125 0.0183867162527717
149.15625 0.0183372825090122
149.1875 0.0182880477219665
149.21875 0.0182390108261226
149.25 0.0181901707630873
149.28125 0.0181415264815288
149.3125 0.0180930769371208
149.34375 0.0180448210924862
149.375 0.0179967579171417
149.40625 0.0179488863874434
149.4375 0.0179012054865318
149.46875 0.0178537142042784
149.5 0.0178064115372323
149.53125 0.017759296488567
149.5625 0.0177123680680285
149.59375 0.0176656252918831
149.625 0.0176190671828659
149.65625 0.0175726927701301
149.6875 0.0175265010891965
149.71875 0.0174804911819033
149.75 0.0174346620963566
149.78125 0.0173890128868814
149.8125 0.017343542613973
149.84375 0.0172982503442484
149.875 0.0172531351503989
149.90625 0.0172081961111428
149.9375 0.0171634323111781
149.96875 0.0171188428411362
150 0.0170744267975361
150.03125 0.0170301832827384
150.0625 0.0169861114049002
150.09375 0.0169422102779302
150.125 0.0168984790214444
150.15625 0.0168549167607219
150.1875 0.0168115226266614
150.21875 0.016768295755738
150.25 0.0167252352899603
150.28125 0.0166823403768276
150.3125 0.0166396101692885
150.34375 0.0165970438256986
150.375 0.0165546405097793
150.40625 0.0165123993905771
150.4375 0.0164703196424225
150.46875 0.0164284004448903
150.5 0.0163866409827591
150.53125 0.0163450404459724
150.5625 0.016303598029599
150.59375 0.0162623129337941
150.625 0.0162211843637612
150.65625 0.0161802115297135
150.6875 0.0161393936468365
150.71875 0.0160987299352501
150.75 0.0160582196199716
150.78125 0.016017861930879
150.8125 0.0159776561026742
150.84375 0.0159376013748472
150.875 0.0158976969916399
150.90625 0.0158579422020105
150.9375 0.0158183362595985
150.96875 0.0157788784226896
151 0.0157395679541811
151.03125 0.0157004041215475
151.0625 0.0156613861968064
151.09375 0.0156225134564851
151.125 0.0155837851815866
151.15625 0.0155452006575568
151.1875 0.0155067591742515
151.21875 0.015468460025904
151.25 0.0154303025110924
151.28125 0.0153922859327078
151.3125 0.0153544095979225
151.34375 0.0153166728181586
151.375 0.0152790749090565
151.40625 0.0152416151904442
151.4375 0.0152042929863066
151.46875 0.0151671076247549
151.5 0.0151300584379966
151.53125 0.0150931447623055
151.5625 0.0150563659379919
151.59375 0.0150197213093734
151.625 0.0149832102247459
151.65625 0.0149468320363543
151.6875 0.0149105861003639
151.71875 0.0148744717768323
151.75 0.0148384884296808
151.78125 0.0148026354266668
151.8125 0.0147669121393559
151.84375 0.0147313179430944
151.875 0.0146958522169822
151.90625 0.0146605143438455
151.9375 0.0146253037102105
151.96875 0.0145902197062764
152 0.0145552617258891
152.03125 0.0145204291665152
152.0625 0.0144857214292162
152.09375 0.0144511379186226
152.125 0.0144166780429083
152.15625 0.0143823412137657
152.1875 0.0143481268463806
152.21875 0.0143140343594069
152.25 0.0142800631749424
152.28125 0.0142462127185045
152.3125 0.0142124824190052
152.34375 0.014178871708728
152.375 0.0141453800233035
152.40625 0.0141120068016857
152.4375 0.0140787514861289
152.46875 0.0140456135221644
152.5 0.0140125923585771
152.53125 0.0139796874473829
152.5625 0.013946898243806
152.59375 0.0139142242062564
152.625 0.0138816647963075
152.65625 0.0138492194786738
152.6875 0.0138168877211895
152.71875 0.0137846689947861
152.75 0.0137525627734712
152.78125 0.0137205685343069
152.8125 0.0136886857573885
152.84375 0.0136569139258238
152.875 0.0136252525257115
152.90625 0.0135937010461212
152.9375 0.0135622589790724
152.96875 0.0135309258195141
153 0.0134997010653048
153.03125 0.0134685842171922
153.0625 0.0134375747787933
153.09375 0.0134066722565747
153.125 0.0133758761598331
153.15625 0.0133451860006758
153.1875 0.0133146012940012
153.21875 0.0132841215574799
153.25 0.0132537463115358
153.28125 0.0132234750793269
153.3125 0.0131933073867271
153.34375 0.0131632427623073
153.375 0.013133280737317
153.40625 0.0131034208456666
153.4375 0.0130736626239086
153.46875 0.01304400561122
153.5 0.0130144493493846
153.53125 0.0129849933827752
153.5625 0.0129556372583359
153.59375 0.012926380525565
153.625 0.0128972227364977
153.65625 0.0128681634456889
153.6875 0.0128392022101961
153.71875 0.0128103385895628
153.75 0.0127815721458018
153.78125 0.0127529024433782
153.8125 0.0127243290491936
153.84375 0.012695851532569
153.875 0.0126674694652295
153.90625 0.0126391824212873
153.9375 0.0126109899772266
153.96875 0.0125828917118869
154 0.0125548872064482
154.03125 0.0125269760444149
154.0625 0.0124991578116002
154.09375 0.0124714320961114
154.125 0.0124437984883339
154.15625 0.0124162565809167
154.1875 0.0123888059687572
154.21875 0.0123614462489862
154.25 0.0123341770209535
154.28125 0.0123069978862127
154.3125 0.0122799084485074
154.34375 0.012252908313756
154.375 0.0122259970900382
154.40625 0.0121991743875799
154.4375 0.01217243981874
154.46875 0.0121457929979959
154.5 0.0121192335419297
154.53125 0.0120927610692144
154.5625 0.0120663752006005
154.59375 0.0120400755589022
154.625 0.0120138617689839
154.65625 0.011987733457747
154.6875 0.0119616902541166
154.71875 0.0119357317890284
154.75 0.0119098576954156
154.78125 0.0118840676081957
154.8125 0.0118583611642582
154.84375 0.0118327380024513
154.875 0.0118071977635696
154.90625 0.0117817400903412
154.9375 0.0117563646274157
154.96875 0.0117310710213513
155 0.0117058589206028
155.03125 0.0116807279755096
155.0625 0.0116556778382829
155.09375 0.0116307081629946
155.125 0.0116058186055647
155.15625 0.0115810088237497
155.1875 0.0115562784771308
155.21875 0.0115316272271025
155.25 0.0115070547368605
155.28125 0.0114825606713909
155.3125 0.0114581446974582
155.34375 0.0114338064835941
155.375 0.0114095457000868
155.40625 0.011385362018969
155.4375 0.0113612551140076
155.46875 0.0113372246606922
155.5 0.0113132703362244
155.53125 0.0112893918195071
155.5625 0.0112655887911334
155.59375 0.0112418609333765
155.625 0.0112182079301785
155.65625 0.0111946294671402
155.6875 0.0111711252315107
155.71875 0.0111476949121769
155.75 0.0111243381996535
155.78125 0.0111010547860725
155.8125 0.011077844365173
155.84375 0.0110547066322915
155.875 0.0110316412843518
155.90625 0.0110086480198548
155.9375 0.0109857265388691
155.96875 0.0109628765430211
156 0.0109400977354848
156.03125 0.0109173898209731
156.0625 0.0108947525057275
156.09375 0.010872185497509
156.125 0.0108496885055883
156.15625 0.0108272612407371
156.1875 0.010804903415218
156.21875 0.0107826147427761
156.25 0.0107603949386291
156.28125 0.0107382437194589
156.3125 0.0107161608034021
156.34375 0.0106941459100411
156.375 0.0106721987603956
156.40625 0.0106503190769133
156.4375 0.0106285065834613
156.46875 0.0106067610053176
156.5 0.0105850820691623
156.53125 0.0105634695030688
156.5625 0.0105419230364957
156.59375 0.0105204424002781
156.625 0.0104990273266193
156.65625 0.0104776775490825
156.6875 0.0104563928025823
156.71875 0.0104351728233766
156.75 0.0104140173490588
156.78125 0.0103929261185491
156.8125 0.0103718988720867
156.84375 0.0103509353512222
156.875 0.0103300352988089
156.90625 0.0103091984589957
156.9375 0.0102884245772187
156.96875 0.0102677134001938
157 0.0102470646759088
157.03125 0.0102264781536158
157.0625 0.0102059535838238
157.09375 0.0101854907182906
157.125 0.010165089310016
157.15625 0.0101447491132338
157.1875 0.0101244698834048
157.21875 0.0101042513772091
157.25 0.0100840933525392
157.28125 0.0100639955684924
157.3125 0.010043957785364
157.34375 0.0100239797646396
157.375 0.0100040612689887
157.40625 0.00998420206225719
157.4375 0.00996440190946042
157.46875 0.00994466057677641
157.5 0.00992497783153885
157.53125 0.0099053534422303
157.5625 0.00988578717847533
157.59375 0.00986627881103386
157.625 0.00984682811179436
157.65625 0.00982743485376729
157.6875 0.00980809881107837
157.71875 0.00978881975896214
157.75 0.00976959747375533
157.78125 0.00975043173289046
157.8125 0.00973132231488935
157.84375 0.00971226899935676
157.875 0.00969327156697405
157.90625 0.00967432979949285
157.9375 0.00965544347972883
157.96875 0.00963661239155547
158 0.00961783631989788
158.03125 0.00959911505072668
158.0625 0.0095804483710519
158.09375 0.00956183606891693
158.125 0.00954327793339253
158.15625 0.00952477375457083
158.1875 0.00950632332355943
158.21875 0.00948792643247551
158.25 0.00946958287443996
158.28125 0.0094512924435716
158.3125 0.00943305493498139
158.34375 0.00941487014476673
158.375 0.00939673787000572
158.40625 0.00937865790875156
158.4375 0.00936063006002689
158.46875 0.00934265412381824
158.5 0.00932472990107049
158.53125 0.00930685719368135
158.5625 0.0092890358044959
158.59375 0.00927126553730118
158.625 0.00925354619682077
158.65625 0.00923587758870943
158.6875 0.00921825951954781
158.71875 0.00920069179683713
158.75 0.00918317422899397
158.78125 0.009165706625345
158.8125 0.00914828879612183
158.84375 0.00913092055245587
158.875 0.00911360170637319
158.90625 0.00909633207078948
158.9375 0.00907911145950497
158.96875 0.00906193968719941
159 0.00904481656942714
159.03125 0.00902774192261209
159.0625 0.0090107155640429
159.09375 0.00899373731186803
159.125 0.0089768069850909
159.15625 0.0089599244035651
159.1875 0.00894308938798955
159.21875 0.00892630175990383
159.25 0.00890956134168336
159.28125 0.00889286795653479
159.3125 0.00887622142849129
159.34375 0.00885962158240793
159.375 0.00884306824395709
159.40625 0.00882656123962387
159.4375 0.00881010039670158
159.46875 0.00879368554328719
159.5 0.00877731650827688
159.53125 0.00876099312136155
159.5625 0.00874471521302245
159.59375 0.00872848261452673
159.625 0.00871229515792311
159.65625 0.00869615267603752
159.6875 0.0086800550024688
159.71875 0.00866400197158441
159.75 0.00864799341851619
159.78125 0.00863202917915611
159.8125 0.00861610909015209
159.84375 0.00860023298890381
159.875 0.00858440071355858
159.90625 0.00856861210300721
159.9375 0.0085528669968799
159.96875 0.00853716523554222
160 0.00852150666009101
