-3 -0.999977914444339
-2.875 -0.999952143804639
-2.75 -0.999899377092757
-2.625 -0.999794626727272
-2.5 -0.999593047834475
-2.375 -0.99921706385904
-2.25 -0.998537283600614
-2.125 -0.997345971908448
-2 -0.995322266119064
-1.875 -0.991990059136737
-1.75 -0.98667168610629
-1.625 -0.978443734179032
-1.5 -0.966105153426907
-1.375 -0.948170073496978
-1.25 -0.922900128814276
-1.125 -0.888388232170642
-1 -0.842700794199361
-0.875 -0.784075075634107
-0.75 -0.711155640121223
-0.625 -0.623240882144226
-0.5 -0.520499877732924
-0.375 -0.404116909233106
-0.25 -0.276326390137867
-0.125 -0.14031620453835
0 0
0.125 0.14031620453835
0.25 0.276326390137867
0.375 0.404116909233106
0.5 0.520499877732924
0.625 0.623240882144226
0.75 0.711155640121223
0.875 0.784075075634107
1 0.842700794199361
1.125 0.888388232170642
1.25 0.922900128814276
1.375 0.948170073496978
1.5 0.966105153426907
1.625 0.978443734179032
1.75 0.98667168610629
1.875 0.991990059136737
2 0.995322266119064
2.125 0.997345971908448
2.25 0.998537283600614
2.375 0.99921706385904
2.5 0.999593047834475
2.625 0.999794626727272
2.75 0.999899377092757
2.875 0.999952143804639
3 0.999977914444339
