1 2.30299757093148 14.4218301024171 29.9183757912698
1.125 2.30299757093148 14.4218301024171 29.9183757912698
1.25 1.2471590154168 10.0356126143959 22.4517872029418
1.375 1.2471590154168 10.0356126143959 22.4517872029418
1.5 0.642807196167782 7.2536068516872 17.1509677100129
1.625 0.274059030802893 5.4048325169695 13.375932842918
1.75 0.274059030802893 5.4048325169695 13.375932842918
1.875 0.038129479427285 4.12593596241468 10.6369297913302
2 -0.118367940103363 3.21103091150257 8.60596197637852
2.125 -0.118367940103363 3.21103091150257 8.60596197637852
2.25 -0.225112035811216 2.53788580778405 7.0679720388353
2.375 -0.225112035811216 2.53788580778405 7.0679720388353
2.5 -0.299522685870302 2.03079242717136 5.88067275763762
2.625 -0.352286720619215 1.64107932093581 4.94817283994194
2.75 -0.352286720619215 1.64107932093581 4.94817283994194
2.875 -0.390204452450515 1.3364241378461 4.20448655122377
3 -0.417737392391783 1.09474511324827 3.60325744895535
3.125 -0.417737392391783 1.09474511324827 3.60325744895535
3.25 -0.437888967674354 0.900577278299935 3.11127565812073
3.375 -0.437888967674354 0.900577278299935 3.11127565812073
3.5 -0.452725554068529 0.742849953557724 2.70431473379339
3.625 -0.463695251459456 0.613482632398483 2.36440559600703
3.75 -0.463695251459456 0.613482632398483 2.36440559600703
3.875 -0.471828728588176 0.506474112188294 2.07801647839561
4 -0.477869091932378 0.417297445375668 1.83481491529387
4.125 -0.477869091932378 0.417297445375668 1.83481491529387
4.25 -0.482357828069965 0.342489400042502 1.62681071534411
4.375 -0.482357828069965 0.342489400042502 1.62681071534411
4.5 -0.485692875441653 0.279366514071508 1.44775286756769
4.625 -0.488168612025179 0.22582527447095 1.29269862240562
4.75 -0.488168612025179 0.22582527447095 1.29269862240562
4.875 -0.490003866468523 0.180199265379885 1.15770120868421
5 -0.491361845741621 0.141155561323343 1.03958053667451
5.125 -0.491361845741621 0.141155561323343 1.03958053667451
5.25 -0.492364508940893 0.107618580754623 0.935752772233808
5.375 -0.492364508940893 0.107618580754623 0.935752772233808
5.5 -0.493103060498562 0.0787134288341522 0.844102226122868
5.625 -0.493645688540064 0.053723253507124 0.762884033070848
5.75 -0.493645688540064 0.053723253507124 0.762884033070848
5.875 -0.494043318483122 0.0320567994024152 0.690649491866271
6 -0.494333917499432 0.0132234666086422 0.626188262915057
6.125 -0.494333917499432 0.0132234666086422 0.626188262915057
6.25 -0.494545728605193 -0.00318604875346756 0.568483232012812
6.375 -0.494545728605193 -0.00318604875346756 0.568483232012812
6.5 -0.494699706608446 -0.0175149203310578 0.51667498072903
6.625 -0.494811354581718 -0.030052175843695 0.470033607214315
6.75 -0.494811354581718 -0.030052175843695 0.470033607214315
6.875 -0.494892107833312 -0.0410422448872147 0.427936217798466
7 -0.494950375343916 -0.0506926236509966 0.38984882772545
7.125 -0.494950375343916 -0.0506926236509966 0.38984882772545
7.25 -0.494992321659314 -0.0591800713642532 0.355311715304286
7.375 -0.494992321659314 -0.0591800713642532 0.355311715304286
7.5 -0.495022452237095 -0.0666556521878121 0.323927499714565
7.625 -0.495044050222217 -0.0732488619254537 0.295351381032052
7.75 -0.495044050222217 -0.0732488619254537 0.295351381032052
7.875 -0.495059501219545 -0.0790710238182501 0.26928310745364
8 -0.495070533911525 -0.0842180964934477 0.245460330369838
8.125 -0.495070533911525 -0.0842180964934477 0.245460330369838
8.25 -0.495078397679874 -0.0887730060894033 0.223653080863488
8.375 -0.495078397679874 -0.0887730060894033 0.223653080863488
8.5 -0.495083993255503 -0.0928075909703115 0.203659157195353
8.625 -0.49508796848437 -0.0963842293381243 0.18530025609292
8.75 -0.49508796848437 -0.0963842293381243 0.18530025609292
8.875 -0.495090788289426 -0.0995572060421906 0.168418714289817
9 -0.495092785618731 -0.102373863959999 0.152874753067869
9.125 -0.495092785618731 -0.102373863959999 0.152874753067869
9.25 -0.495094198435418 -0.104875576729238 0.138544139244435
9.375 -0.495094198435418 -0.104875576729238 0.138544139244435
9.5 -0.495095196496999 -0.107098572802943 0.125316192410646
9.625 -0.495095900690648 -0.10907463536707 0.113092081233953
9.75 -0.495095900690648 -0.10907463536707 0.113092081233953
9.875 -0.495096396958453 -0.110831698297783 0.101783362029624
10 -0.495096746302707 -0.112394354813417 0.0913107211467001
10.125 -0.495096746302707 -0.112394354813417 0.0913107211467001
10.25 -0.495096991958638 -0.113784292616231 0.0816028894389997
10.375 -0.495096991958638 -0.113784292616231 0.0816028894389997
10.5 -0.495097164525817 -0.115020666987348 0.0725957025378965
10.625 -0.495097285631963 -0.116120421388154 0.0642312850725868
10.75 -0.495097285631963 -0.116120421388154 0.0642312850725868
10.875 -0.495097370544093 -0.117098563551712 0.056457340599613
11 -0.495097430026167 -0.117968403752655 0.0492265319676758
11.125 -0.495097430026167 -0.117968403752655 0.0492265319676758
11.25 -0.495097471658577 -0.118741760872708 0.0424959392822118
11.375 -0.495097471658577 -0.118741760872708 0.0424959392822118
11.5 -0.495097500773873 -0.11942914098954 0.0362265846481042
11.625 -0.495097521119424 -0.120039892477057 0.0303830145372987
11.75 -0.495097521119424 -0.120039892477057 0.0303830145372987
11.875 -0.495097535326013 -0.120582340987995 0.0249329320152889
12 -0.495097545238775 -0.121063907173273 0.019846872217691
12.125 -0.495097545238775 -0.121063907173273 0.019846872217691
12.25 -0.495097552150656 -0.121491209560322 0.0150979154360724
12.375 -0.495097552150656 -0.121491209560322 0.0150979154360724
12.5 -0.495097556966864 -0.12187015464874 0.0106614329851323
12.625 -0.495097560320636 -0.122206015976021 0.00651486170715847
12.75 -0.495097560320636 -0.122206015976021 0.00651486170715847
12.875 -0.495097562654579 -0.122503503647465 0.0026375035473873
13 -0.495097564277823 -0.122766825606795 -0.000989652877090243
13.125 -0.495097564277823 -0.122766825606795 -0.000989652877090243
13.25 -0.495097565406126 -0.12299974173852 -0.00438409137721872
13.375 -0.495097565406126 -0.12299974173852 -0.00438409137721872
13.5 -0.495097566189959 -0.123205611736909 -0.00756191026930769
13.625 -0.495097566734189 -0.123387437542888 -0.0105379494368752
13.75 -0.495097566734189 -0.123387437542888 -0.0105379494368752
13.875 -0.495097567111859 -0.123547901037007 -0.013325904125655
14 -0.495097567373812 -0.123689397580277 -0.0159384269988465
14.125 -0.495097567373812 -0.123689397580277 -0.0159384269988465
14.25 -0.495097567555417 -0.123814065911991 -0.0183872197887256
14.375 -0.495097567555417 -0.123814065911991 -0.0183872197887256
14.5 -0.495097567681257 -0.123923814843823 -0.0206831157161401
14.625 -0.495097567768414 -0.124020347129529 -0.022836153707095
14.75 -0.495097567768414 -0.124020347129529 -0.022836153707095
14.875 -0.495097567828752 -0.124105180838134 -0.0248556453118563
15 -0.495097567870504 -0.124179668515011 -0.0267502351245504
15.125 -0.495097567870504 -0.124179668515011 -0.0267502351245504
15.25 -0.495097567899388 -0.124245014377873 -0.0285279554077254
15.375 -0.495097567899388 -0.124245014377873 -0.0285279554077254
15.5 -0.49509756791936 -0.124302289762667 -0.0301962755441419
15.625 -0.495097567933161 -0.124352447007102 -0.0317621468665521
15.75 -0.495097567933161 -0.124352447007102 -0.0317621468665521
15.875 -0.495097567942697 -0.124396331936309 -0.0332320433531564
16 -0.495097567949278 -0.124434695095043 -0.0346119986209506
16.125 -0.495097567949278 -0.124434695095043 -0.0346119986209506
16.25 -0.495097567953824 -0.124468201853739 -0.0359076396006391
16.375 -0.495097567953824 -0.124468201853739 -0.0359076396006391
16.5 -0.495097567956964 -0.124497441501148 -0.0371242172334505
16.625 -0.495097567959126 -0.124522935423548 -0.0382666344923638
16.75 -0.495097567959126 -0.124522935423548 -0.0382666344923638
16.875 -0.495097567960622 -0.124545144459793 -0.0393394719966077
17 -0.49509756796165 -0.124564475511798 -0.0403470114584799
17.125 -0.49509756796165 -0.124564475511798 -0.0403470114584799
17.25 -0.495097567962358 -0.124581287482251 -0.0412932571752978
17.375 -0.495097567962358 -0.124581287482251 -0.0412932571752978
17.5 -0.495097567962848 -0.124595896603895 -0.0421819557558903
17.625 -0.495097567963186 -0.12460858121857 -0.0430166142504845
17.75 -0.495097567963186 -0.12460858121857 -0.0430166142504845
17.875 -0.49509756796342 -0.124619586058822 -0.0438005168345054
18 -0.495097567963577 -0.124629126079693 -0.0445367401805217
18.125 -0.495097567963577 -0.124629126079693 -0.0445367401805217
18.25 -0.495097567963687 -0.124637389884268 -0.0452281676384699
18.375 -0.495097567963687 -0.124637389884268 -0.0452281676384699
18.5 -0.495097567963761 -0.124644542782417 -0.0458775023313052
18.625 -0.495097567963812 -0.124650729518613 -0.0464872792622441
18.75 -0.495097567963812 -0.124650729518613 -0.0464872792622441
18.875 -0.495097567963851 -0.124656076701537 -0.0470598765195782
19 -0.495097567963871 -0.124660694965517 -0.047597525656435
19.125 -0.495097567963871 -0.124660694965517 -0.047597525656435
19.25 -0.495097567963889 -0.124664680890559 -0.0481023213149803
19.375 -0.495097567963889 -0.124664680890559 -0.0481023213149803
19.5 -0.4950975679639 -0.124668118705917 -0.0485762301575697
19.625 -0.49509756796391 -0.12467108179951 -0.0490210991614364
19.75 -0.49509756796391 -0.12467108179951 -0.0490210991614364
19.875 -0.495097567963913 -0.124673634053487 -0.049438663327798
20 -0.49509756796392 -0.124675831024618 -0.0498305528518261
20.125 -0.49509756796392 -0.124675831024618 -0.0498305528518261
20.25 -0.49509756796392 -0.124677720985892 -0.0501982997951513
20.375 -0.49509756796392 -0.124677720985892 -0.0501982997951513
20.5 -0.495097567963921 -0.124679345844644 -0.0505433442993224
20.625 -0.495097567963921 -0.124680741950784 -0.0508670403747341
20.75 -0.495097567963921 -0.124680741950784 -0.0508670403747341
20.875 -0.495097567963927 -0.124681940807323 -0.051170661296848
21 -0.495097567963923 -0.124682969694334 -0.0514554046387478
21.125 -0.495097567963923 -0.124682969694334 -0.0514554046387478
21.25 -0.495097567963925 -0.124683852216132 -0.0517223969664397
21.375 -0.495097567963925 -0.124683852216132 -0.0517223969664397
21.5 -0.495097567963923 -0.124684608780629 -0.0519726982215015
21.625 -0.495097567963922 -0.124685257018783 -0.0522073058133077
21.75 -0.495097567963922 -0.124685257018783 -0.0522073058133077
21.875 -0.495097567963926 -0.124685812151125 -0.0524271584416077
22 -0.495097567963925 -0.124686287307843 -0.0526331396684377
22.125 -0.495097567963925 -0.124686287307843 -0.0526331396684377
22.25 -0.495097567963926 -0.124686693807846 -0.0528260812569715
22.375 -0.495097567963926 -0.124686693807846 -0.0528260812569715
22.5 -0.495097567963925 -0.124687041401922 -0.0530067662935116
22.625 -0.495097567963927 -0.124687338484383 -0.0531759321077757
22.75 -0.495097567963927 -0.124687338484383 -0.0531759321077757
22.875 -0.495097567963923 -0.124687592277023 -0.0533342730052783
23 -0.495097567963927 -0.124687808988957 -0.0534824428248283
23.125 -0.495097567963927 -0.124687808988957 -0.0534824428248283
23.25 -0.495097567963926 -0.124687993955294 -0.0536210573331274
23.375 -0.495097567963926 -0.124687993955294 -0.0536210573331274
23.5 -0.495097567963926 -0.124688151757401 -0.053750696467525
23.625 -0.495097567963924 -0.124688286327069 -0.0538719064374133
23.75 -0.495097567963924 -0.124688286327069 -0.0538719064374133
23.875 -0.495097567963922 -0.124688401036675 -0.0539852016937214
24 -0.495097567963925 -0.124688498777127 -0.0540910667755789
24.125 -0.495097567963925 -0.124688498777127 -0.0540910667755789
24.25 -0.495097567963926 -0.124688582025301 -0.054189958042435
24.375 -0.495097567963926 -0.124688582025301 -0.054189958042435
24.5 -0.495097567963927 -0.124688652902129 -0.0542823052992888
24.625 -0.495097567963928 -0.124688713222873 -0.0543685133223664
24.75 -0.495097567963928 -0.124688713222873 -0.0543685133223664
24.875 -0.495097567963926 -0.124688764540353 -0.0544489632918003
25 -0.495097567963923 -0.124688808182211 -0.0545240141376815
25.125 -0.495097567963923 -0.124688808182211 -0.0545240141376815
25.25 -0.495097567963927 -0.12468884528306 -0.0545940038051449
25.375 -0.495097567963927 -0.12468884528306 -0.0545940038051449
25.5 -0.495097567963927 -0.124688876812063 -0.0546592504440139
25.625 -0.495097567963926 -0.124688903596659 -0.054720053527871
25.75 -0.495097567963926 -0.124688903596659 -0.054720053527871
25.875 -0.495097567963925 -0.124688926343026 -0.0547766949073781
26 -0.495097567963923 -0.1246889456535 -0.0548294398020368
26.125 -0.495097567963923 -0.1246889456535 -0.0548294398020368
26.25 -0.495097567963925 -0.124688962041708 -0.0548785377345171
26.375 -0.495097567963925 -0.124688962041708 -0.0548785377345171
26.5 -0.495097567963923 -0.124688975945375 -0.0549242234112529
26.625 -0.495097567963926 -0.124688987737462 -0.0549667175527509
26.75 -0.495097567963926 -0.124688987737462 -0.0549667175527509
26.875 -0.495097567963926 -0.124688997735528 -0.0550062276769372
27 -0.495097567963925 -0.124689006209929 -0.0550429488384267
27.125 -0.495097567963925 -0.124689006209929 -0.0550429488384267
27.25 -0.495097567963923 -0.124689013390719 -0.0550770643265626
27.375 -0.495097567963923 -0.124689013390719 -0.0550770643265626
27.5 -0.495097567963924 -0.124689019473574 -0.0551087463247845
27.625 -0.495097567963924 -0.124689024624874 -0.0551381565337286
27.75 -0.495097567963924 -0.124689024624874 -0.0551381565337286
27.875 -0.495097567963923 -0.124689028986044 -0.0551654467602486
28 -0.495097567963923 -0.124689032677256 -0.0551907594744682
28.125 -0.495097567963923 -0.124689032677256 -0.0551907594744682
28.25 -0.495097567963927 -0.124689035800561 -0.0552142283367394
28.375 -0.495097567963927 -0.124689035800561 -0.0552142283367394
28.5 -0.495097567963927 -0.12468903844262 -0.0552359786962647
28.625 -0.495097567963923 -0.124689040676999 -0.0552561280630725
28.75 -0.495097567963923 -0.124689040676999 -0.0552561280630725
28.875 -0.495097567963926 -0.124689042566094 -0.0552747865548459
29 -0.495097567963925 -0.12468904416288 -0.0552920573199948
29.125 -0.495097567963925 -0.12468904416288 -0.0552920573199948
29.25 -0.495097567963924 -0.124689045512227 -0.0553080369383601
29.375 -0.495097567963924 -0.124689045512227 -0.0553080369383601
29.5 -0.495097567963924 -0.124689046652211 -0.0553228158007261
29.625 -0.495097567963926 -0.124689047615071 -0.055336478468268
29.75 -0.495097567963926 -0.124689047615071 -0.055336478468268
29.875 -0.495097567963924 -0.124689048428128 -0.0553491040130192
30 -0.495097567963925 -0.124689049114545 -0.0553607663404411


0.1 -0.495097567963924 -0.124689052802238 -0.0554939639212317
0.2 -0.495097567963925 -0.124689049114545 -0.0553607663404411
0.3 -0.495097567963913 -0.124673634053487 -0.049438663327798
0.4 -0.495097567870504 -0.124179668515011 -0.0267502351245504
0.5 -0.495097545238775 -0.121063907173273 0.019846872217691
0.6 -0.495096746302707 -0.112394354813417 0.0913107211467001
0.7 -0.495083993255503 -0.0928075909703115 0.203659157195353
0.8 -0.495022452237095 -0.0666556521878121 0.323927499714565
0.9 -0.494811354581718 -0.030052175843695 0.470033607214315
1 -0.494333917499432 0.0132234666086422 0.626188262915057
1.1 -0.493103060498562 0.0787134288341522 0.844102226122868
1.2 -0.491361845741621 0.141155561323343 1.03958053667451
1.3 -0.488168612025179 0.22582527447095 1.29269862240562
1.4 -0.482357828069965 0.342489400042502 1.62681071534411
1.5 -0.471828728588176 0.506474112188294 2.07801647839561
1.6 -0.463695251459456 0.613482632398483 2.36440559600703
1.7 -0.452725554068529 0.742849953557724 2.70431473379339
1.8 -0.437888967674354 0.900577278299935 3.11127565812073
1.9 -0.417737392391783 1.09474511324827 3.60325744895535
