0.5 14.4427577215339 -0.5
0.7 6.45215081632732 -0.5
0.9 3.17888573461135 -0.5
1.1 1.72460483642157 -0.5
1.3 0.915235323246843 -0.5
1.5 0.412387428264552 -0.5
1.7 0.13234740850571 -0.5
1.9 -0.0557365132716047 -0.5
2.1 -0.183877087433386 -0.5
2.3 -0.281694517920678 -0.5
2.5 -0.338290400014684 -0.5
2.7 -0.380492466527236 -0.5
2.9 -0.411739693035931 -0.5
3.1 -0.434799082405724 -0.5
3.3 -0.455159550533686 -0.5
3.5 -0.465718632551661 -0.5
3.7 -0.474139530053069 -0.5
3.9 -0.480682646355829 -0.5
4.1 -0.48566828330907 -0.5
4.3 -0.491214635284327 -0.5
4.5 -0.492935490270927 -0.5
4.7 -0.494536573233312 -0.5
4.9 -0.495888288972723 -0.5
5.1 -0.496959387123831 -0.5
5.3 -0.497774558145766 -0.5
5.5 -0.498735113319623 -0.5
5.7 -0.498938101465985 -0.5
5.9 -0.499180434377424 -0.5
6.1 -0.499394190470739 -0.5
6.3 -0.499561119317391 -0.5
6.5 -0.49981670465794 -0.5
6.7 -0.499809127754069 -0.5
6.9 -0.49984641424173 -0.5
7.1 -0.499886979347059 -0.5
7.3 -0.500050345409475 -0.5
7.5 -0.499976932388794 -0.5
7.7 -0.499966947361714 -0.5
7.9 -0.499973367157601 -0.5


0.5 -0.859824328678387 -0.5
0.49 -0.828359349459421 -0.5
0.48 -0.799610753941897 -0.5
0.47 -0.77335935106565 -0.5
0.46 -0.749364223557837 -0.5
0.45 -0.727419944725062 -0.5
0.44 -0.707341965050335 -0.5
0.43 -0.688964840830738 -0.5
0.42 -0.672140588336637 -0.5
0.41 -0.656737015001156 -0.5
0.4 -0.642545855860892 -0.5
0.39 -0.629578154264471 -0.5
0.38 -0.61768432426104 -0.5
0.37 -0.606773279555536 -0.5
0.36 -0.596762647544652 -0.5
0.35 -0.587577916373583 -0.5
0.34 -0.579151659229117 -0.5
0.33 -0.571422826669649 -0.5
0.32 -0.564336099484217 -0.5
0.31 -0.557841298546842 -0.5
0.3 -0.551892848706704 -0.5
0.29 -0.546449292227519 -0.5
0.28 -0.541472850302995 -0.5
0.27 -0.536836234825631 -0.5
0.26 -0.532666466057356 -0.5
0.25 -0.528864302962488 -0.5
0.24 -0.525403073418834 -0.5
0.23 -0.522258290900773 -0.5
0.22 -0.519407428696669 -0.5
0.21 -0.516829715646431 -0.5
0.2 -0.514505950056022 -0.5
0.19 -0.512418330833715 -0.5
0.18 -0.510550302782934 -0.5
0.17 -0.508886415489312 -0.5
0.16 -0.507412192990572 -0.5
0.15 -0.506114014511107 -0.5
0.14 -0.504979003114101 -0.5
0.13 -0.503994922009305 -0.5
0.12 -0.503150078328816 -0.5
0.11 -0.502433231143088 -0.5
0.0999999999999997 -0.501833505558853 -0.5
0.0899999999999997 -0.501340309255675 -0.5
0.0799999999999997 -0.500943254533991 -0.5
0.0699999999999997 -0.500632079842701 -0.5
0.0599999999999997 -0.500396576849517 -0.5
0.0499999999999997 -0.500226516384523 -0.5
0.0399999999999997 -0.500111578115275 -0.5
0.0299999999999997 -0.500041279996449 -0.5
0.0199999999999997 -0.500004910769582 -0.5


0.01 -0.499775876971821 -0.5
0.00995 -0.499694519236321 -0.5
0.0099 -0.499784447640307 -0.5
0.00985 -0.49977421759525 -0.5
0.0098 -0.499768712712413 -0.5
0.00975 -0.499695215089878 -0.5
0.0097 -0.499695186549174 -0.5
0.00965 -0.499695168072698 -0.5
0.0096 -0.499695128040162 -0.5
0.00955 -0.499695122250935 -0.5
0.0095 -0.499695742309944 -0.5
0.00945 -0.49969660651625 -0.5
0.0094 -0.499697478616975 -0.5
0.00935 -0.49969835927045 -0.5
0.0093 -0.499699258143568 -0.5
0.00925 -0.499700152660539 -0.5
0.00920000000000001 -0.499701044790948 -0.5
0.00915000000000001 -0.499701951969896 -0.5
0.00910000000000001 -0.499702904384223 -0.5
0.00905000000000001 -0.499703822242339 -0.5
0.00900000000000001 -0.499704769049376 -0.5
0.00895000000000001 -0.499705684073815 -0.5
0.00890000000000001 -0.49978931623967 -0.5
0.00885000000000001 -0.499783277269124 -0.5
0.00880000000000001 -0.49977717429737 -0.5
0.00875000000000001 -0.499785222478075 -0.5
0.00870000000000001 -0.499801542745138 -0.5
0.00865000000000001 -0.499800890313955 -0.5
0.00860000000000001 -0.499799187194955 -0.5
0.00855000000000001 -0.499797605513141 -0.5
0.00850000000000001 -0.499714387659812 -0.5
0.00845000000000001 -0.49971534578839 -0.5
0.00840000000000001 -0.49971630970009 -0.5
0.00835000000000001 -0.499717279569912 -0.5
0.00830000000000001 -0.499799753654486 -0.5
0.00825000000000001 -0.499719509013098 -0.5
0.00820000000000001 -0.499720436878159 -0.5
0.00815000000000001 -0.499721418278242 -0.5
0.00810000000000001 -0.499722449090039 -0.5
0.00805000000000001 -0.499723431958679 -0.5
0.00800000000000001 -0.499724422322234 -0.5
0.00795000000000001 -0.499725418784699 -0.5
0.00790000000000001 -0.499726500260153 -0.5
0.00785000000000001 -0.499727492598069 -0.5
0.00780000000000001 -0.499728511404374 -0.5
0.00775000000000001 -0.499729534556218 -0.5
0.00770000000000001 -0.49973056208122 -0.5
0.00765000000000001 -0.49973159400938 -0.5
0.00760000000000001 -0.499732582646687 -0.5
0.00755000000000002 -0.499733630308761 -0.5
0.00750000000000002 -0.499734768980851 -0.5
0.00745000000000002 -0.499735830040241 -0.5
0.00740000000000002 -0.499736900843585 -0.5
0.00735000000000002 -0.499737973817622 -0.5
0.00730000000000002 -0.499739052398109 -0.5
0.00725000000000002 -0.499740215227732 -0.5
0.00720000000000002 -0.49974129245822 -0.5
0.00715000000000002 -0.49974237844288 -0.5
0.00710000000000002 -0.4997434676156 -0.5
0.00705000000000002 -0.499744568710421 -0.5
0.00700000000000002 -0.499745687242343 -0.5
0.00695000000000002 -0.499746802885227 -0.5
0.00690000000000002 -0.499747925921653 -0.5
0.00685000000000002 -0.499749039643718 -0.5
0.00680000000000002 -0.499750177522074 -0.5
0.00675000000000002 -0.499751323658159 -0.5
0.00670000000000002 -0.499752478230917 -0.5
0.00665000000000002 -0.499753641450346 -0.5
0.00660000000000002 -0.499754815204296 -0.5
0.00655000000000002 -0.499755996568933 -0.5
0.00650000000000002 -0.499757187333342 -0.5
0.00645000000000002 -0.499758397525425 -0.5
0.00640000000000002 -0.499759607795251 -0.5
0.00635000000000002 -0.49976082837399 -0.5
0.00630000000000002 -0.499762059616132 -0.5
0.00625000000000002 -0.499852429604509 -0.5
0.00620000000000002 -0.499764510838869 -0.5
0.00615000000000002 -0.499859493778635 -0.5
0.00610000000000002 -0.499767070506528 -0.5
0.00605000000000002 -0.499768366075687 -0.5
0.00600000000000002 -0.499860064620535 -0.5
0.00595000000000002 -0.499771214978466 -0.5
0.00590000000000003 -0.499772517159077 -0.5
0.00585000000000003 -0.499773849720486 -0.5
0.00580000000000003 -0.49977520160801 -0.5
0.00575000000000003 -0.49977657253827 -0.5
0.00570000000000003 -0.499777962536275 -0.5
0.00565000000000003 -0.499779371525706 -0.5
0.00560000000000003 -0.499780801037247 -0.5
0.00555000000000003 -0.499782250716656 -0.5
0.00550000000000003 -0.499783724385247 -0.5
0.00545000000000003 -0.49978520365916 -0.5
0.00540000000000003 -0.499786711879874 -0.5
0.00535000000000003 -0.499788252141834 -0.5
0.00530000000000003 -0.499789855124937 -0.5
0.00525000000000003 -0.499791442873085 -0.5
0.00520000000000003 -0.499793056122383 -0.5
0.00515000000000003 -0.499794766853646 -0.5
0.00510000000000003 -0.499796225287703 -0.5
0.00505000000000003 -0.499797395827521 -0.5
0.00500000000000003 -0.499798575111805 -0.5
0.00495000000000003 -0.499799767255741 -0.5
0.00490000000000003 -0.499800985081522 -0.5
0.00485000000000003 -0.499802190749628 -0.5
0.00480000000000003 -0.499836038621401 -0.5
0.00475000000000003 -0.499829086769703 -0.5
0.00470000000000003 -0.49980590597303 -0.5
0.00465000000000003 -0.499807150293652 -0.5
0.00460000000000003 -0.499808408485836 -0.5
0.00455000000000003 -0.499809679844309 -0.5
0.00450000000000003 -0.499810964392972 -0.5
0.00445000000000003 -0.499840063804658 -0.5
0.00440000000000003 -0.49984252438748 -0.5
0.00435000000000003 -0.499845150810298 -0.5
0.00430000000000003 -0.499816376440411 -0.5
0.00425000000000003 -0.499841754603358 -0.5
0.00420000000000004 -0.499819024871383 -0.5
0.00415000000000004 -0.499820431697676 -0.5
0.00410000000000004 -0.499848896382118 -0.5
0.00405000000000004 -0.499850739476953 -0.5
0.00400000000000004 -0.499853166075202 -0.5
0.00395000000000004 -0.499855613647278 -0.5
0.00390000000000004 -0.499851568136257 -0.5
0.00385000000000004 -0.499853697673706 -0.5
0.00380000000000004 -0.49982517677253 -0.5
0.00375000000000004 -0.49985265540821 -0.5
0.00370000000000004 -0.499827422580409 -0.5
0.00365000000000004 -0.499860480651854 -0.5
0.00360000000000004 -0.499829759071951 -0.5
0.00355000000000004 -0.499830920670289 -0.5
0.00350000000000004 -0.499832111132956 -0.5
0.00345000000000004 -0.499833389179563 -0.5
0.00340000000000004 -0.499865643822583 -0.5
0.00335000000000004 -0.499867094588017 -0.5
0.00330000000000004 -0.499868492760039 -0.5
0.00325000000000003 -0.499838469439939 -0.5
0.00320000000000003 -0.499839535994994 -0.5
0.00315000000000003 -0.499840871754406 -0.5
0.00310000000000003 -0.49984222305311 -0.5
0.00305000000000003 -0.49984358990689 -0.5
0.00300000000000003 -0.499844972515877 -0.5
0.00295000000000003 -0.49984637487975 -0.5
0.00290000000000003 -0.499847789450579 -0.5
0.00285000000000003 -0.499849220250269 -0.5
0.00280000000000003 -0.499850667240129 -0.5
0.00275000000000003 -0.49985213087992 -0.5
0.00270000000000003 -0.499853611567549 -0.5
0.00265000000000003 -0.499855109838033 -0.5
0.00260000000000003 -0.499856626344897 -0.5
0.00255000000000003 -0.499858161899749 -0.5
0.00250000000000003 -0.49985971779349 -0.5
0.00245000000000003 -0.499861295083534 -0.5
0.00240000000000003 -0.499862895403258 -0.5
0.00235000000000003 -0.499864520821804 -0.5
0.00230000000000003 -0.499866173589163 -0.5
0.00225000000000003 -0.499867848004944 -0.5
0.00220000000000003 -0.499869565162938 -0.5
0.00215000000000003 -0.499871291232723 -0.5
0.00210000000000003 -0.499873111827059 -0.5
0.00205000000000003 -0.499875031670361 -0.5
0.00200000000000003 -0.499877000489656 -0.5
0.00195000000000003 -0.49987902669107 -0.5
0.00190000000000003 -0.499880912360163 -0.5
0.00185000000000003 -0.499882116416098 -0.5
0.00180000000000003 -0.4998832966598 -0.5
0.00175000000000003 -0.49988537030879 -0.5
0.00170000000000003 -0.499887580281516 -0.5
0.00165000000000003 -0.49988978269332 -0.5
0.00160000000000003 -0.499890505006005 -0.5
0.00155000000000003 -0.499891217079288 -0.5
0.00150000000000003 -0.499891934596623 -0.5
0.00145000000000003 -0.499892659175407 -0.5
0.00140000000000003 -0.499893392735335 -0.5
0.00135000000000003 -0.499894137519552 -0.5
0.00130000000000003 -0.499894896168276 -0.5
0.00125000000000003 -0.499895671829895 -0.5
0.00120000000000003 -0.499896479119308 -0.5
0.00115000000000003 -0.499897297808308 -0.5
0.00110000000000003 -0.49989816029708 -0.5
0.00105000000000003 -0.499899034122588 -0.5
0.00100000000000003 -0.499901187922747 -0.5
0.000950000000000033 -0.49990129091111 -0.5
0.000900000000000033 -0.499901607930967 -0.5
0.000850000000000033 -0.499902650683596 -0.5
0.000800000000000033 -0.499903796938304 -0.5
0.000750000000000033 -0.499905067889514 -0.5
0.000700000000000033 -0.499906504825451 -0.5
0.000650000000000033 -0.499908119178535 -0.5
0.000600000000000033 -0.499909912888053 -0.5
0.000550000000000033 -0.499910601305803 -0.5
0.000500000000000033 -0.499910331938499 -0.5
0.000450000000000033 -0.49990951192538 -0.5
0.000400000000000033 -0.499908818898581 -0.5
0.000350000000000033 -0.499908422798056 -0.5
0.000300000000000033 -0.499908117031675 -0.5
0.000250000000000033 -0.499916946569098 -0.5
0.000200000000000033 -0.499921694209503 -0.5
0.000150000000000033 -0.499932599508699 -0.5
0.000100000000000033 -0.499932743637899 -0.5
5.00000000000331E-05 -0.499934160632488 -0.5


0.01 -0.499901187914575 -0.5
0.0099 -0.499901880553905 -0.5
0.0098 -0.499901346392304 -0.5
0.0097 -0.499962398152506 -0.5
0.0096 -0.499901857006543 -0.5
0.0095 -0.499975303465947 -0.5
0.0094 -0.499986205944856 -0.5
0.0093 -0.499906184281467 -0.5
0.00920000000000001 -0.499904061719199 -0.5
0.00910000000000001 -0.499989448337955 -0.5
0.00900000000000001 -0.49990880281783 -0.5
0.00890000000000001 -0.499980810603176 -0.5
0.00880000000000001 -0.499910990186713 -0.5
0.00870000000000001 -0.4999040614295 -0.5
0.00860000000000001 -0.49990423789047 -0.5
0.00850000000000001 -0.499909126659098 -0.5
0.00840000000000001 -0.49996448390487 -0.5
0.00830000000000001 -0.49991290218922 -0.5
0.00820000000000001 -0.499933436041696 -0.5
0.00810000000000001 -0.499907453375958 -0.5
0.00800000000000001 -0.499925710522192 -0.5
0.00790000000000001 -0.499906862806455 -0.5
0.00780000000000001 -0.499906580173232 -0.5
0.00770000000000001 -0.499908301420821 -0.5
0.00760000000000001 -0.499959238297682 -0.5
0.00750000000000001 -0.499906785552032 -0.5
0.00740000000000001 -0.499911807570725 -0.5
0.00730000000000001 -0.499909061580926 -0.5
0.00720000000000001 -0.499909659859286 -0.5
0.00710000000000001 -0.499911403098114 -0.5
0.00700000000000001 -0.499920510562481 -0.5
0.00690000000000001 -0.499912209658668 -0.5
0.00680000000000001 -0.499919665819364 -0.5
0.00670000000000001 -0.499917185440206 -0.5
0.00660000000000001 -0.499912904244128 -0.5
0.00650000000000001 -0.499917394935349 -0.5
0.00640000000000001 -0.499920422919514 -0.5
0.00630000000000001 -0.499919281245942 -0.5
0.00620000000000001 -0.499916431902293 -0.5
0.00610000000000001 -0.499917245656418 -0.5
0.00600000000000001 -0.499914753777291 -0.5
0.00590000000000001 -0.499919012352968 -0.5
0.00580000000000001 -0.499920479099955 -0.5
0.00570000000000001 -0.499919395124998 -0.5
0.00560000000000001 -0.499919623080461 -0.5
0.00550000000000001 -0.499918069826218 -0.5
0.00540000000000001 -0.499918412766128 -0.5
0.00530000000000001 -0.499919952512834 -0.5
0.00520000000000001 -0.499919431751075 -0.5
0.00510000000000001 -0.499920780156669 -0.5
0.00500000000000001 -0.499920309074119 -0.5
0.00490000000000001 -0.499920158319557 -0.5
0.0048 -0.499921713597382 -0.5
0.0047 -0.49992287414727 -0.5
0.0046 -0.499924897591989 -0.5
0.0045 -0.49992503017123 -0.5
0.0044 -0.499926115451823 -0.5
0.0043 -0.499924846458981 -0.5
0.0042 -0.499926985415791 -0.5
0.0041 -0.499926530429964 -0.5
0.004 -0.499928980476791 -0.5
0.0039 -0.499930001769601 -0.5
0.0038 -0.49992904650351 -0.5
0.0037 -0.499930372639223 -0.5
0.0036 -0.49993172911662 -0.5
0.0035 -0.499932007133161 -0.5
0.0034 -0.499932143192489 -0.5
0.0033 -0.499934157096495 -0.5
0.0032 -0.499934282914587 -0.5
0.0031 -0.499932970218509 -0.5
0.003 -0.499935886035001 -0.5
0.0029 -0.499936685135724 -0.5
0.0028 -0.499935882174786 -0.5
0.0027 -0.499938573375856 -0.5
0.00260000000000001 -0.4999386828543 -0.5
0.00250000000000001 -0.499937710038795 -0.5
0.00240000000000001 -0.499940341688049 -0.5
0.00230000000000001 -0.499940347457345 -0.5
0.00220000000000001 -0.499940132219983 -0.5
0.00210000000000001 -0.499940068804848 -0.5
0.00200000000000001 -0.499941331442784 -0.5
0.00190000000000001 -0.499941143831284 -0.5
0.00180000000000001 -0.499940817545277 -0.5
0.00170000000000001 -0.499941740765897 -0.5
0.00160000000000001 -0.499941439499268 -0.5
0.00150000000000001 -0.499940840419504 -0.5
0.00140000000000001 -0.499941650495612 -0.5
0.00130000000000001 -0.499941551668466 -0.5
0.00120000000000001 -0.499941314379116 -0.5
0.00110000000000001 -0.499941311240513 -0.5
0.00100000000000001 -0.499941507290486 -0.5
0.000900000000000006 -0.499941515221315 -0.5
0.000800000000000006 -0.499941521505856 -0.5
0.000700000000000006 -0.499941691072196 -0.5
0.000600000000000005 -0.49994160649744 -0.5
0.000500000000000005 -0.499941618155458 -0.5
0.000400000000000005 -0.499941733221681 -0.5
0.000300000000000005 -0.499941778346019 -0.5
0.000200000000000005 -0.499941784711367 -0.5
0.000100000000000005 -0.499941829862427 -0.5
