0.01 0.0099 0.00990049833749168
0.0146530706679195 0.0144387317675924 0.0144399236309817
0.0192494466555479 0.0188805754758884 0.0188824490417392
0.0246010862227309 0.0240005944028629 0.0240032565598426
0.0305674945585722 0.0296437249957188 0.0296472591330459
0.0371713482428031 0.0358105140040118 0.0358150038565633
0.0444065307751658 0.0424722082471075 0.0424777333465137
0.0522725652540785 0.0496036950358901 0.0496103312440966
0.0607691759637096 0.0571784321826795 0.0571862514467579
0.0698972875069653 0.0651694229390934 0.0651784932014126
0.0796588985980904 0.0735491333080319 0.0735595184070606
0.090057099168359 0.0822895323352214 0.082301291915537
0.101096054172604 0.0913620960366391 0.0913752854620475
0.112781000046764 0.100737816744034 0.100752487014338
0.125118246863811 0.110387212014174 0.1104034096853
0.138115171486214 0.120280322378727 0.120298089484257
0.151780241240007 0.130386729230892 0.130406103208083
0.166123026898499 0.140675560200392 0.140696573818603
0.181154225678467 0.151115498805204 0.151138180097357
0.196885688814489 0.161674794257698 0.161699166454758
0.21333047872187 0.172321287612475 0.172347369083561
0.230502890200864 0.183022410235471 0.183050214429173
0.248418530004464 0.193745217069101 0.193774752461609
0.267094361462097 0.204456393400606 0.204487663446447
0.286548791723709 0.215122283931587 0.215155287020604
0.306801735343437 0.225708904094386 0.225743633512186
0.327874715404538 0.236181968853542 0.236218412748319
0.349790967597221 0.246506917921845 0.246545059277118
0.37257554965501 0.256648939554075 0.256688756167235
0.396255466134025 0.266572997875865 0.266614462343255
0.420859815727865 0.276243865784774 0.276286945494395
0.44641993610869 0.28562615281007 0.285670809941261
0.472969586385682 0.294684344181721 0.294730535713909
0.500545137039195 0.303382838146739 0.303430515877224
0.529185779094933 0.311685986814639 0.311735097386287
0.558933764575923 0.319558143908215 0.319608628848568
0.58983466120298 0.326963714295966 0.327015510068436
0.621937646449853 0.3338672127283 0.333920250797454
0.655295824508666 0.340233327491398 0.340287534403678
0.689966581499319 0.346026993611313 0.346082291093404
0.726011974424441 0.35121347553136 0.351269780608478
0.763499166228097 0.355758462843094 0.355815687980253
0.802500899965595 0.3596281797602 0.359686233029702
0.843096027064018 0.362789512897974 0.36284829817736
0.8853700847476 0.365210159650918 0.365269576856208
0.92941593333076 0.366858802052682 0.366918747412795
0.975334454090109 0.367705310563923 0.367765676943287
1.02323531186506 0.36772098350891 0.367781660786597
1.07323779302828 0.366878828446003 0.366939703961387
1.12547171946401 0.365153891995513 0.365214851072181
1.18007845272068 0.362523644978627 0.362584571540419
1.23721200461198 0.358968428798409 0.359029206093699
1.29704027836667 0.354471967382186 0.354532478835017
1.35974649882568 0.349021944139556 0.349082074348702
1.42553090858182 0.342610637279007 0.342670273188494
1.49461288603545 0.33523559415117 0.335294626417935
1.56723374030711 0.32690030737442 0.326958631960587
1.6436606117874 0.317614828806274 0.31767234882504
1.72419219797803 0.307396218655534 0.307452846501566
1.80916750689632 0.296268672181678 0.296324331980919
1.89897965293643 0.284263088995116 0.284317719419291
1.99409818365474 0.271415728293441 0.271469285809431
2.09510626477607 0.257765377395812 0.257817840076186
2.20276500765494 0.243348015380871 0.243399387523656
2.3181314211597 0.228186849524658 0.22823716759455
2.44059682395122 0.212548219424449 0.212597576054598
2.56516885870822 0.197228802598343 0.197277374056708
2.69432733879093 0.18205575069269 0.182103738673093
2.82954100262409 0.167008295826577 0.167055949787277
2.97315740527626 0.152004332136336 0.152051968623362
3.12903781770882 0.136878282572344 0.136926325633992
3.30559619904406 0.121191386821815 0.121240470149922
3.4665653548508 0.108189736497754 0.108240349914368
3.62140733632226 0.0968019243880362 0.0968545782110093
3.77313113081948 0.0866513025646838 0.0867065426122536
3.92324503633138 0.0775308665689254 0.077589287454556
4.07268820765794 0.0693019038595317 0.0693641626653434
4.22211885284216 0.0618612372999635 0.0619280684989975
4.37203922401336 0.055126809322854 0.0551990419350632
4.52285801011196 0.0490303754451975 0.0491089532789394
4.67492527761801 0.0435133850029323 0.0435993909220573
4.82855374304085 0.0385244746750761 0.0386191600119319
4.98403269139498 0.0340178479717706 0.0341226684826907
5.14163771009424 0.0299521738011254 0.0300688339454961
5.30163797482085 0.0262898046951274 0.0264203125433546
5.46430210915643 0.0229961999307878 0.0231429357183102
5.62990328495659 0.0200394837668748 0.020205286084286
5.7981030270165 0.0173992194216261 0.0175874055425892
5.96928483746507 0.0150433367268267 0.0152579025529337
6.14373213469379 0.0129441848266967 0.0131899548188566
6.32173912803002 0.0110761678452312 0.0113590013459588
6.50359289438788 0.00941563783475566 0.00974268904078559
6.68957367487345 0.0079405273278205 0.00832057822395143
6.87994828951793 0.00663005715102878 0.00707394365255673
7.07495928108658 0.00546444939000305 0.00598560659298099
7.27480708406465 0.00442463831701885 0.00503979541989673
7.47962263362379 0.00349196711825337 0.0042220254865838
7.68942730963785 0.00264786555513928 0.00351899091979701
7.90407777839198 0.00187351457704939 0.00291846064636262
8 0.00154983634413952 0.00268370102322009
