0 0 0.5 0
0.015625 0.0078125 0.5 6.103515625E-05
0.03125 0.015625 0.5 0.000244140625
0.046875 0.0234375 0.5 0.00054931640625
0.0625 0.03125 0.5 0.0009765625
0.078125 0.0390625 0.5 0.00152587890625
0.09375 0.046875 0.5 0.002197265625
0.109375 0.0546875 0.5 0.00299072265625
0.125 0.0625 0.5 0.00390625
0.140625 0.0703125 0.5 0.00494384765625
0.15625 0.078125 0.5 0.006103515625
0.171875 0.0859375 0.5 0.00738525390625
0.1875 0.09375 0.5 0.0087890625
0.203125 0.1015625 0.5 0.01031494140625
0.21875 0.109375 0.5 0.011962890625
0.234375 0.1171875 0.5 0.01373291015625
0.25 0.125 0.5 0.015625
0.265625 0.1328125 0.5 0.01763916015625
0.28125 0.140625 0.5 0.019775390625
0.296875 0.1484375 0.5 0.02203369140625
0.3125 0.15625 0.5 0.0244140625
0.328125 0.1640625 0.5 0.02691650390625
0.34375 0.171875 0.5 0.029541015625
0.359375 0.1796875 0.5 0.03228759765625
0.375 0.1875 0.5 0.03515625
0.390625 0.1953125 0.5 0.03814697265625
0.40625 0.203125 0.5 0.041259765625
0.421875 0.2109375 0.5 0.04449462890625
0.4375 0.21875 0.5 0.0478515625
0.453125 0.2265625 0.5 0.05133056640625
0.46875 0.234375 0.5 0.054931640625
0.484375 0.2421875 0.5 0.05865478515625
0.5 0.25 0.5 0.0625
0.515625 0.281005859375 1.96875 0.0666491190592448
0.53125 0.3115234375 1.9375 0.0712788899739583
0.546875 0.341552734375 1.90625 0.0763816833496094
0.5625 0.37109375 1.875 0.0819498697916667
0.578125 0.400146484375 1.84375 0.087975819905599
0.59375 0.4287109375 1.8125 0.094451904296875
0.609375 0.456787109375 1.78125 0.101370493570964
0.625 0.484375 1.75 0.108723958333333
0.640625 0.511474609375 1.71875 0.116504669189453
0.65625 0.5380859375 1.6875 0.124704996744792
0.671875 0.564208984375 1.65625 0.133317311604818
0.6875 0.58984375 1.625 0.142333984375
0.703125 0.614990234375 1.59375 0.151747385660807
0.71875 0.6396484375 1.5625 0.161549886067708
0.734375 0.663818359375 1.53125 0.171733856201172
0.75 0.6875 1.5 0.182291666666667
0.765625 0.710693359375 1.46875 0.193215688069661
0.78125 0.7333984375 1.4375 0.204498291015625
0.796875 0.755615234375 1.40625 0.216131846110026
0.8125 0.77734375 1.375 0.228108723958333
0.828125 0.798583984375 1.34375 0.240421295166016
0.84375 0.8193359375 1.3125 0.253061930338542
0.859375 0.839599609375 1.28125 0.26602300008138
0.875 0.859375 1.25 0.279296875
0.890625 0.878662109375 1.21875 0.29287592569987
0.90625 0.8974609375 1.1875 0.306752522786458
0.921875 0.915771484375 1.15625 0.320919036865234
0.9375 0.93359375 1.125 0.335367838541667
0.953125 0.950927734375 1.09375 0.350091298421224
0.96875 0.9677734375 1.0625 0.365081787109375
0.984375 0.984130859375 1.03125 0.380331675211589
1 1 1 0.395833333333333
1.015625 1.0390625 2.5 0.411763509114583
1.03125 1.078125 2.5 0.428304036458333
1.046875 1.1171875 2.5 0.445454915364583
1.0625 1.15625 2.5 0.463216145833333
1.078125 1.1953125 2.5 0.481587727864583
1.09375 1.234375 2.5 0.500569661458333
1.109375 1.2734375 2.5 0.520161946614583
1.125 1.3125 2.5 0.540364583333333
1.140625 1.3515625 2.5 0.561177571614583
1.15625 1.390625 2.5 0.582600911458333
1.171875 1.4296875 2.5 0.604634602864583
1.1875 1.46875 2.5 0.627278645833333
1.203125 1.5078125 2.5 0.650533040364583
1.21875 1.546875 2.5 0.674397786458333
1.234375 1.5859375 2.5 0.698872884114583
1.25 1.625 2.5 0.723958333333333
1.265625 1.6640625 2.5 0.749654134114583
1.28125 1.703125 2.5 0.775960286458333
1.296875 1.7421875 2.5 0.802876790364583
1.3125 1.78125 2.5 0.830403645833333
1.328125 1.8203125 2.5 0.858540852864583
1.34375 1.859375 2.5 0.887288411458333
1.359375 1.8984375 2.5 0.916646321614583
1.375 1.9375 2.5 0.946614583333333
1.390625 1.9765625 2.5 0.977193196614583
1.40625 2.015625 2.5 1.00838216145833
1.421875 2.0546875 2.5 1.04018147786458
1.4375 2.09375 2.5 1.07259114583333
1.453125 2.1328125 2.5 1.10561116536458
1.46875 2.171875 2.5 1.13924153645833
1.484375 2.2109375 2.5 1.17348225911458
1.5 2.25 2.5 1.20833333333333
1.515625 2.3046875 3.5 1.24391682942708
1.53125 2.359375 3.5 1.28035481770833
1.546875 2.4140625 3.5 1.31764729817708
1.5625 2.46875 3.5 1.35579427083333
1.578125 2.5234375 3.5 1.39479573567708
1.59375 2.578125 3.5 1.43465169270833
1.609375 2.6328125 3.5 1.47536214192708
1.625 2.6875 3.5 1.51692708333333
1.640625 2.7421875 3.5 1.55934651692708
1.65625 2.796875 3.5 1.60262044270833
1.671875 2.8515625 3.5 1.64674886067708
1.6875 2.90625 3.5 1.69173177083333
1.703125 2.9609375 3.5 1.73756917317708
1.71875 3.015625 3.5 1.78426106770833
1.734375 3.0703125 3.5 1.83180745442708
1.75 3.125 3.5 1.88020833333333
1.765625 3.1796875 3.5 1.92946370442708
1.78125 3.234375 3.5 1.97957356770833
1.796875 3.2890625 3.5 2.03053792317708
1.8125 3.34375 3.5 2.08235677083333
1.828125 3.3984375 3.5 2.13503011067708
1.84375 3.453125 3.5 2.18855794270833
1.859375 3.5078125 3.5 2.24294026692708
1.875 3.5625 3.5 2.29817708333333
1.890625 3.6171875 3.5 2.35426839192708
1.90625 3.671875 3.5 2.41121419270833
1.921875 3.7265625 3.5 2.46901448567708
1.9375 3.78125 3.5 2.52766927083333
1.953125 3.8359375 3.5 2.58717854817708
1.96875 3.890625 3.5 2.64754231770833
1.984375 3.9453125 3.5 2.70876057942708
2 4 3.5 2.77083333333333
2.015625 4.0703125 4.5 2.83388264973958
2.03125 4.140625 4.5 2.89803059895833
2.046875 4.2109375 4.5 2.96327718098958
2.0625 4.28125 4.5 3.02962239583333
2.078125 4.3515625 4.5 3.09706624348958
2.09375 4.421875 4.5 3.16560872395833
2.109375 4.4921875 4.5 3.23524983723958
2.125 4.5625 4.5 3.30598958333333
2.140625 4.6328125 4.5 3.37782796223958
2.15625 4.703125 4.5 3.45076497395833
2.171875 4.7734375 4.5 3.52480061848958
2.1875 4.84375 4.5 3.59993489583333
2.203125 4.9140625 4.5 3.67616780598958
2.21875 4.984375 4.5 3.75349934895833
2.234375 5.0546875 4.5 3.83192952473958
2.25 5.125 4.5 3.91145833333333
2.265625 5.1953125 4.5 3.99208577473958
2.28125 5.265625 4.5 4.07381184895833
2.296875 5.3359375 4.5 4.15663655598958
2.3125 5.40625 4.5 4.24055989583333
2.328125 5.4765625 4.5 4.32558186848958
2.34375 5.546875 4.5 4.41170247395833
2.359375 5.6171875 4.5 4.49892171223958
2.375 5.6875 4.5 4.58723958333333
2.390625 5.7578125 4.5 4.67665608723958
2.40625 5.828125 4.5 4.76717122395833
2.421875 5.8984375 4.5 4.85878499348958
2.4375 5.96875 4.5 4.95149739583333
2.453125 6.0390625 4.5 5.04530843098958
2.46875 6.109375 4.5 5.14021809895833
2.484375 6.1796875 4.5 5.23622639973958
2.5 6.25 4.5 5.33333333333333
2.515625 6.3359375 5.5 5.43166097005208
2.53125 6.421875 5.5 5.53133138020833
2.546875 6.5078125 5.5 5.63234456380208
2.5625 6.59375 5.5 5.73470052083333
2.578125 6.6796875 5.5 5.83839925130208
2.59375 6.765625 5.5 5.94344075520833
2.609375 6.8515625 5.5 6.04982503255208
2.625 6.9375 5.5 6.15755208333333
2.640625 7.0234375 5.5 6.26662190755208
2.65625 7.109375 5.5 6.37703450520833
2.671875 7.1953125 5.5 6.48878987630208
2.6875 7.28125 5.5 6.60188802083333
2.703125 7.3671875 5.5 6.71632893880208
2.71875 7.453125 5.5 6.83211263020833
2.734375 7.5390625 5.5 6.94923909505208
2.75 7.625 5.5 7.06770833333333
2.765625 7.7109375 5.5 7.18752034505208
2.78125 7.796875 5.5 7.30867513020833
2.796875 7.8828125 5.5 7.43117268880208
2.8125 7.96875 5.5 7.55501302083333
2.828125 8.0546875 5.5 7.68019612630208
2.84375 8.140625 5.5 7.80672200520833
2.859375 8.2265625 5.5 7.93459065755208
2.875 8.3125 5.5 8.06380208333333
2.890625 8.3984375 5.5 8.19435628255208
2.90625 8.484375 5.5 8.32625325520833
2.921875 8.5703125 5.5 8.45949300130208
2.9375 8.65625 5.5 8.59407552083333
2.953125 8.7421875 5.5 8.73000081380208
2.96875 8.828125 5.5 8.86726888020833
2.984375 8.9140625 5.5 9.00587972005208
3 9 5.5 9.14583333333333
3.015625 9.1015625 6.5 9.28725179036458
3.03125 9.203125 6.5 9.43025716145833
3.046875 9.3046875 6.5 9.57484944661458
3.0625 9.40625 6.5 9.72102864583333
3.078125 9.5078125 6.5 9.86879475911458
3.09375 9.609375 6.5 10.0181477864583
3.109375 9.7109375 6.5 10.1690877278646
3.125 9.8125 6.5 10.3216145833333
3.140625 9.9140625 6.5 10.4757283528646
3.15625 10.015625 6.5 10.6314290364583
3.171875 10.1171875 6.5 10.7887166341146
3.1875 10.21875 6.5 10.9475911458333
3.203125 10.3203125 6.5 11.1080525716146
3.21875 10.421875 6.5 11.2701009114583
3.234375 10.5234375 6.5 11.4337361653646
3.25 10.625 6.5 11.5989583333333
3.265625 10.7265625 6.5 11.7657674153646
3.28125 10.828125 6.5 11.9341634114583
3.296875 10.9296875 6.5 12.1041463216146
3.3125 11.03125 6.5 12.2757161458333
3.328125 11.1328125 6.5 12.4488728841146
3.34375 11.234375 6.5 12.6236165364583
3.359375 11.3359375 6.5 12.7999471028646
3.375 11.4375 6.5 12.9778645833333
3.390625 11.5390625 6.5 13.1573689778646
3.40625 11.640625 6.5 13.3384602864583
3.421875 11.7421875 6.5 13.5211385091146
3.4375 11.84375 6.5 13.7054036458333
3.453125 11.9453125 6.5 13.8912556966146
3.46875 12.046875 6.5 14.0786946614583
3.484375 12.1484375 6.5 14.2677205403646
3.5 12.25 6.5 14.4583333333333
3.515625 12.3671875 7.5 14.6506551106771
3.53125 12.484375 7.5 14.8448079427083
3.546875 12.6015625 7.5 15.0407918294271
3.5625 12.71875 7.5 15.2386067708333
3.578125 12.8359375 7.5 15.4382527669271
3.59375 12.953125 7.5 15.6397298177083
3.609375 13.0703125 7.5 15.8430379231771
3.625 13.1875 7.5 16.0481770833333
3.640625 13.3046875 7.5 16.2551472981771
3.65625 13.421875 7.5 16.4639485677083
3.671875 13.5390625 7.5 16.6745808919271
3.6875 13.65625 7.5 16.8870442708333
3.703125 13.7734375 7.5 17.1013387044271
3.71875 13.890625 7.5 17.3174641927083
3.734375 14.0078125 7.5 17.5354207356771
3.75 14.125 7.5 17.7552083333333
3.765625 14.2421875 7.5 17.9768269856771
3.78125 14.359375 7.5 18.2002766927083
3.796875 14.4765625 7.5 18.4255574544271
3.8125 14.59375 7.5 18.6526692708333
3.828125 14.7109375 7.5 18.8816121419271
3.84375 14.828125 7.5 19.1123860677083
3.859375 14.9453125 7.5 19.3449910481771
3.875 15.0625 7.5 19.5794270833333
3.890625 15.1796875 7.5 19.8156941731771
3.90625 15.296875 7.5 20.0537923177083
3.921875 15.4140625 7.5 20.2937215169271
3.9375 15.53125 7.5 20.5354817708333
3.953125 15.6484375 7.5 20.7790730794271
3.96875 15.765625 7.5 21.0244954427083
3.984375 15.8828125 7.5 21.2717488606771
4 16 7.5 21.5208333333333
4.015625 16.1328125 8.5 21.7718709309896
4.03125 16.265625 8.5 22.0249837239583
4.046875 16.3984375 8.5 22.2801717122396
4.0625 16.53125 8.5 22.5374348958333
4.078125 16.6640625 8.5 22.7967732747396
4.09375 16.796875 8.5 23.0581868489583
4.109375 16.9296875 8.5 23.3216756184896
4.125 17.0625 8.5 23.5872395833333
4.140625 17.1953125 8.5 23.8548787434896
4.15625 17.328125 8.5 24.1245930989583
4.171875 17.4609375 8.5 24.3963826497396
4.1875 17.59375 8.5 24.6702473958333
4.203125 17.7265625 8.5 24.9461873372396
4.21875 17.859375 8.5 25.2242024739583
4.234375 17.9921875 8.5 25.5042928059896
4.25 18.125 8.5 25.7864583333333
4.265625 18.2578125 8.5 26.0706990559896
4.28125 18.390625 8.5 26.3570149739583
4.296875 18.5234375 8.5 26.6454060872396
4.3125 18.65625 8.5 26.9358723958333
4.328125 18.7890625 8.5 27.2284138997396
4.34375 18.921875 8.5 27.5230305989583
4.359375 19.0546875 8.5 27.8197224934896
4.375 19.1875 8.5 28.1184895833333
4.390625 19.3203125 8.5 28.4193318684896
4.40625 19.453125 8.5 28.7222493489583
4.421875 19.5859375 8.5 29.0272420247396
4.4375 19.71875 8.5 29.3343098958333
4.453125 19.8515625 8.5 29.6434529622396
4.46875 19.984375 8.5 29.9546712239583
4.484375 20.1171875 8.5 30.2679646809896
4.5 20.25 8.5 30.5833333333333
4.515625 20.3984375 9.5 30.9008992513021
4.53125 20.546875 9.5 31.2207845052083
4.546875 20.6953125 9.5 31.5429890950521
4.5625 20.84375 9.5 31.8675130208333
4.578125 20.9921875 9.5 32.1943562825521
4.59375 21.140625 9.5 32.5235188802083
4.609375 21.2890625 9.5 32.8550008138021
4.625 21.4375 9.5 33.1888020833333
4.640625 21.5859375 9.5 33.5249226888021
4.65625 21.734375 9.5 33.8633626302083
4.671875 21.8828125 9.5 34.2041219075521
4.6875 22.03125 9.5 34.5472005208333
4.703125 22.1796875 9.5 34.8925984700521
4.71875 22.328125 9.5 35.2403157552083
4.734375 22.4765625 9.5 35.5903523763021
4.75 22.625 9.5 35.9427083333333
4.765625 22.7734375 9.5 36.2973836263021
4.78125 22.921875 9.5 36.6543782552083
4.796875 23.0703125 9.5 37.0136922200521
4.8125 23.21875 9.5 37.3753255208333
4.828125 23.3671875 9.5 37.7392781575521
4.84375 23.515625 9.5 38.1055501302083
4.859375 23.6640625 9.5 38.4741414388021
4.875 23.8125 9.5 38.8450520833333
4.890625 23.9609375 9.5 39.2182820638021
4.90625 24.109375 9.5 39.5938313802083
4.921875 24.2578125 9.5 39.9717000325521
4.9375 24.40625 9.5 40.3518880208333
4.953125 24.5546875 9.5 40.7343953450521
4.96875 24.703125 9.5 41.1192220052083
4.984375 24.8515625 9.5 41.5063680013021
5 25 9.5 41.8958333333333
