0.668603730699329 0
0.668603730699329 0.255973972033697
0.587561843724717 0.255973972033697
0.587561843724717 0.964104206284557
0.0564764221461846 0.964104206284557
0.0564764221461846 0.117033698650558
0.651184322615706 0.117033698650558
0.651184322615706 0.27415314050119
0.398957643378041 0.27415314050119
0.398957643378041 0.337348493904503
0.98165332431982 0.337348493904503
0.98165332431982 0.976484500792103
0.934277869730386 0.976484500792103
0.934277869730386 0.0306688086272538
0.123546286077959 0.0306688086272538
0.123546286077959 0.983437378417439
0.716200842855592 0.983437378417439
0.716200842855592 0.165555175470912
0.892421574747386 0.165555175470912
0.892421574747386 0.453564813571779
0.900405300734753 0.453564813571779
0.900405300734753 0.581101509547374
0.461357236589006 0.581101509547374
0.461357236589006 0.847417742874202
0.242847022713556 0.847417742874202
0.242847022713556 0.0665107192781338
0.697712242462538 0.0665107192781338
0.697712242462538 0.346711015955876
0.721587288995081 0.346711015955876
0.721587288995081 0.48170325694685
0.719644816927446 0.48170325694685
0.719644816927446 0.210312740975205
0.401812232286582 0.210312740975205
0.401812232286582 0.393061400574195
0.96034308893622 0.393061400574195
0.96034308893622 0.782041348415446
0.554863981229655 0.782041348415446
0.554863981229655 0.0453781439202736
0.468635890385432 0.0453781439202736
0.468635890385432 0.941333795870344
0.36482853040324 0.941333795870344
0.36482853040324 0.213002902089154
0.645508610012712 0.213002902089154
0.645508610012712 0.372648372488398
0.108924966821878 0.372648372488398
0.108924966821878 0.884471172878738
0.172143044961683 0.884471172878738
0.172143044961683 0.183623131915751
0.492868975965711 0.183623131915751
0.492868975965711 0.665792302538544
0.637940237595672 0.665792302538544
0.637940237595672 0.503894525349091
0.465904096358411 0.503894525349091
0.465904096358411 0.575723746128252
0.714016369876459 0.575723746128252
0.714016369876459 0.0875022211519546
0.794616735444691 0.0875022211519546
0.794616735444691 0.740144100850515
0.721257183571 0.740144100850515
0.721257183571 0.989965702868051
0.41932145618802 0.989965702868051
0.41932145618802 0.304473306659829
0.552565851506109 0.304473306659829
0.552565851506109 0.91725438643119
0.617703676977057 0.91725438643119
0.617703676977057 0.771340583344614
0.574672268505521 0.771340583344614
0.574672268505521 0.541216469156191
0.0703257196910334 0.541216469156191
0.0703257196910334 0.341504937662512
0.428573397187783 0.341504937662512
0.428573397187783 0.670822698935318
0.69691928508548 0.670822698935318
0.69691928508548 0.951087778877042
0.0887362831685395 0.951087778877042
0.0887362831685395 0.6874023986456
0.935592899534662 0.6874023986456
0.935592899534662 0.0887088641006075
0.738492776052324 0.0887088641006075
0.738492776052324 0.358375849834818
0.894367674316451 0.358375849834818
0.894367674316451 0.514089110546787
0.853842039990165 0.514089110546787
0.853842039990165 0.0557949864565371
0.843763019351178 0.0557949864565371
0.843763019351178 0.215750291578355
0.744408644616794 0.215750291578355
0.744408644616794 0.82608848615833
0.679045030697735 0.82608848615833
0.679045030697735 0.872840867784266
0.987424612970755 0.872840867784266
0.987424612970755 0.81471988037914
0.324120960349273 0.81471988037914
0.324120960349273 0.478670187517381
0.522012339682324 0.478670187517381
0.522012339682324 0.0603552237434104
0.660437050583045 0.0603552237434104
0.660437050583045 0.728254223581522
0.754944695511341 0.728254223581522
0.754944695511341 0.337584383477263
0.309798904373217 0.337584383477263
0.309798904373217 0.630926575805492
0.113297412224718 0.630926575805492
0.113297412224718 0.151364038303198
0.237218905350761 0.151364038303198
0.237218905350761 0.967117538660354
0.806975240263611 0.967117538660354
0.806975240263611 0.514816317481369
0.486987462959712 0.514816317481369
0.486987462959712 0.0266139712308599
0.151909321617293 0.0266139712308599
0.151909321617293 0.705907871344084
0.00165132479819065 0.705907871344084
0.00165132479819065 0.362881333736182
0.0955980285516 0.362881333736182
0.0955980285516 0.905232345641233
0.450631266669664 0.905232345641233
0.450631266669664 0.496770865049572
0.073491367080012 0.496770865049572
0.073491367080012 0.401953385398701
0.0269319387278203 0.401953385398701
0.0269319387278203 0.748583782347191
0.862171438458455 0.748583782347191
0.862171438458455 0.197484851906768
0.354080324691758 0.197484851906768
0.354080324691758 0.613853516808643
0.346701738586045 0.613853516808643
0.346701738586045 0.218249097568099
0.429075439194718 0.218249097568099
0.429075439194718 0.0283810594251291
0.026965348062555 0.0283810594251291
0.026965348062555 0.20733867595314
0.333764168589266 0.20733867595314
0.333764168589266 0.400908392575061
0.0485769454616015 0.400908392575061
0.0485769454616015 0.263441098510959
0.400791698322069 0.263441098510959
0.400791698322069 0.702478001686967
0.818576081105776 0.702478001686967
0.818576081105776 0.876645480690825
0.408775051314745 0.876645480690825
0.408775051314745 0.229592327135425
0.339101023198618 0.229592327135425
0.339101023198618 0.652431059466876
0.720931546166973 0.652431059466876
0.720931546166973 0.281516741626671
0.81306855558095 0.281516741626671
0.81306855558095 0.961239626613091
0.383072158965781 0.961239626613091
0.383072158965781 0.616779994041091
0.609723957073746 0.616779994041091
0.609723957073746 0.163666185533472
0.65476285650151 0.163666185533472
0.65476285650151 0.35299131011264
0.310652444749443 0.35299131011264
0.310652444749443 0.561215122026026
0.768755137347037 0.561215122026026
0.768755137347037 0.915812560317951
0.797283713611441 0.915812560317951
0.797283713611441 0.623365388542118
0.620415800074309 0.623365388542118
0.620415800074309 0.588726142695512
0.0857408782866508 0.588726142695512
0.0857408782866508 0.458606403534583
0.999648623168305 0.458606403534583
0.999648623168305 0.944570645664153
0.372143702754818 0.944570645664153
0.372143702754818 0.600742932223129
0.31430438827458 0.600742932223129
0.31430438827458 0.832156930040641
0.504440647319164 0.832156930040641
0.504440647319164 0.748153264982697
0.678194783943796 0.748153264982697
0.678194783943796 0.196845886389187
0.993178334083957 0.196845886389187
0.993178334083957 0.797339611592395
0.409482759148573 0.797339611592395
0.409482759148573 0.20974037899158
0.476553305739795 0.20974037899158
0.476553305739795 0.0725635830650868
0.800784961227693 0.0725635830650868
0.800784961227693 0.385462111972953
0.835176938602318 0.385462111972953
0.835176938602318 0.812295445153627
0.418657102351383 0.812295445153627
0.418657102351383 0.863299162529083
0.55257581945163 0.863299162529083
0.55257581945163 0.980772858476626
0.0902559478256181 0.980772858476626
0.0902559478256181 0.487361823435576
0.494685961163922 0.487361823435576
0.494685961163922 0.484979138004118
0.905194288075526 0.484979138004118
0.905194288075526 0.195210692563658
0.256229680616516 0.195210692563658
0.256229680616516 0.820048908619233
0.143851448848774 0.820048908619233
0.143851448848774 0.880494619664035
0.652782436298571 0.880494619664035
0.652782436298571 0.77636090050282
0.909373038871853 0.77636090050282
0.909373038871853 0.21232562335782
0.646935238338511 0.21232562335782
0.646935238338511 0.55091522892514
0.112339346721926 0.55091522892514
0.112339346721926 0.861570692091049
0.485471401589676 0.861570692091049
0.485471401589676 0.457916970112322
0.359812976028683 0.457916970112322
0.359812976028683 0.513312833157048
0.151732362877453 0.513312833157048
0.151732362877453 0.559014758355457
0.439259254578156 0.559014758355457
0.439259254578156 0.724720130546354
0.822580427314425 0.724720130546354
0.822580427314425 0.234953688101356
0.753549204093194 0.234953688101356
0.753549204093194 0.273445433133024
0.0399493011832001 0.273445433133024
0.0399493011832001 0.136349460639222
0.391994826212523 0.136349460639222
0.391994826212523 0.391370844278192
0.510486984397512 0.391370844278192
0.510486984397512 0.826942564839005
0.337470968876719 0.826942564839005
0.337470968876719 0.0194615093150463
0.842958976907171 0.0194615093150463
0.842958976907171 0.482984091380138
0.940616205772672 0.482984091380138
0.940616205772672 0.173129425464724
0.653488162743621 0.173129425464724
0.653488162743621 0.528988139484538
0.556957942693009 0.528988139484538
0.556957942693009 0.700192405236975
0.163190544193234 0.700192405236975
0.163190544193234 0.588459337869873
0.738526873634442 0.588459337869873
0.738526873634442 0.284261709677177
0.699956098431701 0.284261709677177
0.699956098431701 0.557086410260334
0.377827760939406 0.557086410260334
0.377827760939406 0.0946588493393077
0.620959882447943 0.0946588493393077
0.620959882447943 0.57694311466857
0.335629460558123 0.57694311466857
0.335629460558123 0.935671202808465
0.0457198834259621 0.935671202808465
0.0457198834259621 0.180474157529173
0.372630265249233 0.180474157529173
0.372630265249233 0.0212759925151598
0.0664997045260387 0.0212759925151598
0.0664997045260387 0.870406015715751
0.840545318480835 0.870406015715751
0.840545318480835 0.516432975659349
0.384366074290297 0.516432975659349
0.384366074290297 0.518002194593662
0.701838638960309 0.518002194593662
0.701838638960309 0.819992673499506
0.213444260048421 0.819992673499506
0.213444260048421 0.0928778374068801
0.0186117151838782 0.0928778374068801
0.0186117151838782 0.00248731020953847
0.51730076433965 0.00248731020953847
0.51730076433965 0.186683550563959
0.859824670413427 0.186683550563959
0.859824670413427 0.622744223392915
0.00205681566244774 0.622744223392915
0.00205681566244774 0.739066849341181
0.56152958635312 0.739066849341181
0.56152958635312 0.234121089444552
0.496426814466914 0.234121089444552
0.496426814466914 0.469287494416017
0.573489334701323 0.469287494416017
0.573489334701323 0.482862890922866
0.758521699699816 0.482862890922866
0.758521699699816 0.297335976873215
0.770410961830249 0.297335976873215
0.770410961830249 0.933543869728941
0.491313104280882 0.933543869728941
0.491313104280882 0.401799766068254
0.973741625889084 0.401799766068254
0.973741625889084 0.662484819377998
0.110353826130905 0.662484819377998
0.110353826130905 0.919340213257512
0.106629720938685 0.919340213257512
0.106629720938685 0.78308214702787
0.688442821003703 0.78308214702787
0.688442821003703 0.0405249670336605
0.315826330946678 0.0405249670336605
0.315826330946678 0.645188349599572
0.886620698909564 0.645188349599572
0.886620698909564 0.918534200134936
0.0708174496287561 0.918534200134936
0.0708174496287561 0.607078261024821
0.538474695076456 0.607078261024821
0.538474695076456 0.375340450729868
0.577358084999657 0.375340450729868
0.577358084999657 0.434276331883984
0.717118444255143 0.434276331883984
0.717118444255143 0.712885237165208
0.933614387146018 0.712885237165208
0.933614387146018 0.306653034084781
0.618944571176052 0.306653034084781
0.618944571176052 0.138509175804681
0.524849178048246 0.138509175804681
0.524849178048246 0.597212210110022
0.296916681014428 0.597212210110022
0.296916681014428 0.357682427557969
0.757911275959532 0.357682427557969
0.757911275959532 0.0870300974170817
0.747591232763413 0.0870300974170817
0.747591232763413 0.768294769231367
0.328679569218624 0.768294769231367
0.328679569218624 0.811644493980168
0.119136211517796 0.811644493980168
0.119136211517796 0.35612689580588
0.892133484078633 0.35612689580588
0.892133484078633 0.597960551082138
0.080053829625274 0.597960551082138
0.080053829625274 0.0767425233855576
0.934301402389212 0.0767425233855576
0.934301402389212 0.961531848628787
0.423240518394504 0.961531848628787
0.423240518394504 0.916341236753548
0.347500390534988 0.916341236753548
0.347500390534988 0.577892614331978
0.398470044787261 0.577892614331978
0.398470044787261 0.966411073676502
0.944388195846411 0.966411073676502
0.944388195846411 0.383181248969948
0.719977891873558 0.383181248969948
0.719977891873558 0.336134629946265
0.216425425473799 0.336134629946265
0.216425425473799 0.778427867115674
0.468185378922236 0.778427867115674
0.468185378922236 0.667088591804303
0.0435402482019459 0.667088591804303
0.0435402482019459 0.971844650326224
0.394491035209266 0.971844650326224
0.394491035209266 0.509417510828663
0.486165466013442 0.509417510828663
0.486165466013442 0.330760393445734
0.282613691074128 0.330760393445734
0.282613691074128 0.228796233529596
0.897597116836159 0.228796233529596
0.897597116836159 0.118325929678197
0.589854630916312 0.118325929678197
0.589854630916312 0.259172955648588
0.487942049507025 0.259172955648588
0.487942049507025 0.182347799270576
0.483206966651234 0.182347799270576
0.483206966651234 0.979397533917519
0.35422250225871 0.979397533917519
0.35422250225871 0.640375920869585
0.778583834775995 0.640375920869585
0.778583834775995 0.97208253851723
0.883412515690277 0.97208253851723
0.883412515690277 0.702603334422504
0.791008785269693 0.702603334422504
0.791008785269693 0.946956563716268
0.198742165322761 0.946956563716268
0.198742165322761 0.330505607337926
0.413294231711558 0.330505607337926
0.413294231711558 0.374730026989584
0.367052205543524 0.374730026989584
0.367052205543524 0.411456602817148
0.551869343757569 0.411456602817148
0.551869343757569 0.55025170210295
0.343459115057932 0.55025170210295
0.343459115057932 0.452047619713492
0.312586647603934 0.452047619713492
0.312586647603934 0.920288833752409
0.203469515872872 0.920288833752409
0.203469515872872 0.570636318796611
0.590577057372116 0.570636318796611
0.590577057372116 0.603541008943478
0.678918157554659 0.603541008943478
0.678918157554659 0.194444284864908
0.0187441199173891 0.194444284864908
0.0187441199173891 0.229174460856791
0.988037983415666 0.229174460856791
0.988037983415666 0.139297089138672
0.478469024169477 0.139297089138672
0.478469024169477 0.762040396575835
0.899974282318714 0.762040396575835
0.899974282318714 0.740580357956039
0.981912127687555 0.740580357956039
0.981912127687555 0.576049504604214
0.999844032339679 0.576049504604214
0.999844032339679 0.496102840405005
0.783676076114027 0.496102840405005
0.783676076114027 0.340936913779442
0.180835865056531 0.340936913779442
0.180835865056531 0.447534471492998
0.310675345505902 0.447534471492998
0.310675345505902 0.155659858675515
0.917466161734176 0.155659858675515
0.917466161734176 0.907883664084544
0.861744027986072 0.907883664084544
0.861744027986072 0.486140514019011
0.566456585920628 0.486140514019011
0.566456585920628 0.039602928813362
0.915713840590657 0.039602928813362
0.915713840590657 0.0358944297935322
0.869761151666642 0.0358944297935322
0.869761151666642 0.562918132898825
0.775928018044647 0.562918132898825
0.775928018044647 0.783586183462099
0.049798863497469 0.783586183462099
0.049798863497469 0.175042825832517
0.293164380962571 0.175042825832517
0.293164380962571 0.688968230825368
0.683859214505115 0.688968230825368
0.683859214505115 0.561834324412902
0.958918580300602 0.561834324412902
0.958918580300602 0.0594450761840889
0.852036583168449 0.0594450761840889
0.852036583168449 0.651253835135723
0.47475574467087 0.651253835135723
0.47475574467087 0.626471847587485
0.429544475129593 0.626471847587485
0.429544475129593 0.975819839153355
0.550407669763271 0.975819839153355
0.550407669763271 0.847356274652926
0.668371543599466 0.847356274652926
0.668371543599466 0.971649733824492
0.739452968695878 0.971649733824492
0.739452968695878 0.755935044379875
0.259960973290708 0.755935044379875
0.259960973290708 0.434917198696601
0.686074847209302 0.434917198696601
0.686074847209302 0.771034493470115
0.332700256878836 0.771034493470115
0.332700256878836 0.532603605898378
0.662717874936162 0.532603605898378
0.662717874936162 0.948435054602304
0.223583248548016 0.948435054602304
0.223583248548016 0.442574594375945
0.892279244909193 0.442574594375945
0.892279244909193 0.337056149419889
0.964652339911392 0.337056149419889
0.964652339911392 0.198325944225456
0.526250641106745 0.198325944225456
0.526250641106745 0.824801206507162
0.202938459442434 0.824801206507162
0.202938459442434 0.0947078452886584
0.657077699274327 0.0947078452886584
0.657077699274327 0.619001540643629
0.488615891192395 0.619001540643629
0.488615891192395 0.251230269321813
0.303623275507066 0.251230269321813
0.303623275507066 0.266212326598453
0.433127919413675 0.266212326598453
0.433127919413675 0.235272180398587
0.0565960388894174 0.235272180398587
0.0565960388894174 0.590636746767274
0.489195259050091 0.590636746767274
0.489195259050091 0.0683575659377303
0.367522886194067 0.0683575659377303
0.367522886194067 0.898111417842149
0.823465164202948 0.898111417842149
0.823465164202948 0.0199929736647722
0.523625210171391 0.0199929736647722
0.523625210171391 0.614881664800868
0.488967978623215 0.614881664800868
0.488967978623215 0.522129887492456
0.356267973946532 0.522129887492456
0.356267973946532 0.151255608606737
0.89911644947674 0.151255608606737
0.89911644947674 0.0104835256982984
0.835861827636073 0.0104835256982984
0.835861827636073 0.409461988792504
0.75897459022653 0.409461988792504
0.75897459022653 0.137699595250981
0.661819507676093 0.137699595250981
0.661819507676093 0.231218530904138
0.44956919804661 0.231218530904138
0.44956919804661 0.725606463256109
0.644417815210492 0.725606463256109
0.644417815210492 0.573663698310807
0.314572034550166 0.573663698310807
0.314572034550166 0.120451428052248
0.267319153187479 0.120451428052248
0.267319153187479 0.00873070396889499
0.131293923189535 0.00873070396889499
0.131293923189535 0.41986252061085
0.33790657405644 0.41986252061085
0.33790657405644 0.097428076480249
0.476007567008961 0.097428076480249
0.476007567008961 0.0720811281688889
0.459239795552213 0.0720811281688889
0.459239795552213 0.155225682610285
0.0750517081818784 0.155225682610285
0.0750517081818784 0.994167827067044
0.513590985216941 0.994167827067044
0.513590985216941 0.94465936624662
0.674700734054065 0.94465936624662
0.674700734054065 0.911368976305876
0.335833227883947 0.911368976305876
0.335833227883947 0.680808571949978
0.738439871342126 0.680808571949978
0.738439871342126 0.50582209066759
0.71988509116689 0.50582209066759
0.71988509116689 0.478132365494097
0.41536844168574 0.478132365494097
0.41536844168574 0.894161286714562
0.507237736371922 0.894161286714562
0.507237736371922 0.295428324162694
0.573452672722495 0.295428324162694
0.573452672722495 0.82537750798528
0.141067548720663 0.82537750798528
0.141067548720663 0.763588795793983
0.423939750727238 0.763588795793983
0.423939750727238 0.793859187883259
0.583539383291984 0.793859187883259
0.583539383291984 0.7030137361507
0.752673820477293 0.7030137361507
0.752673820477293 0.514894506202496
0.483587741611333 0.514894506202496
0.483587741611333 0.0691054580123655
0.184223313436016 0.0691054580123655
0.184223313436016 0.258839897466283
0.675248041597776 0.258839897466283
0.675248041597776 0.827035321307851
0.551243730146086 0.827035321307851
0.551243730146086 0.680636145025788
0.334410280610626 0.680636145025788
0.334410280610626 0.764806763159487
0.62410861003404 0.764806763159487
0.62410861003404 0.717160141429473
0.556517796850073 0.717160141429473
0.556517796850073 0.538200221740734
0.389773235372162 0.538200221740734
0.389773235372162 0.963609243260515
0.835223826968681 0.963609243260515
0.835223826968681 0.808749943882576
0.400566336885358 0.808749943882576
0.400566336885358 0.789186787693383
0.593362262283155 0.789186787693383
0.593362262283155 0.237132636474973
0.912624784238927 0.237132636474973
0.912624784238927 0.0424782498937465
0.523975403757754 0.0424782498937465
0.523975403757754 0.650630059023681
0.931013579448226 0.650630059023681
0.931013579448226 0.69565099975823
0.731285931883047 0.69565099975823
0.731285931883047 0.281192520298619
0.41062844377506 0.281192520298619
0.41062844377506 0.810577249066242
0.191985545769327 0.810577249066242
0.191985545769327 0.159806227851569
0.427781234694543 0.159806227851569
0.427781234694543 0.266727769871581
0.496585258513962 0.266727769871581
0.496585258513962 0.479599973875843
0.830574049069813 0.479599973875843
0.830574049069813 0.892849769859039
0.926888635348011 0.892849769859039
0.926888635348011 0.734732296659952
0.559751006103936 0.734732296659952
0.559751006103936 0.742430973212435
0.671319714128654 0.742430973212435
0.671319714128654 0.856292531293022
0.268859711135207 0.856292531293022
0.268859711135207 0.602867326979929
0.373815560421821 0.602867326979929
0.373815560421821 0.460330507466723
0.958635360914578 0.460330507466723
0.958635360914578 0.774789439409407
0.302447399265341 0.774789439409407
0.302447399265341 0.96348703278391
0.921532243919341 0.96348703278391
0.921532243919341 0.246455105136361
0.156480673773438 0.246455105136361
0.156480673773438 0.14174506354227
0.734864493708529 0.14174506354227
0.734864493708529 0.024617982574095
0.896021741859625 0.024617982574095
0.896021741859625 0.855592730387856
0.949350213142741 0.855592730387856
0.949350213142741 0.0532177603120067
0.354178319384427 0.0532177603120067
0.354178319384427 0.813531360967798
0.525174595660146 0.813531360967798
0.525174595660146 0.396711568998504
0.110418987046191 0.396711568998504
0.110418987046191 0.123045465500581
0.467023984746553 0.123045465500581
0.467023984746553 0.355623853092838
0.978175894812763 0.355623853092838
0.978175894812763 0.507716567026319
0.862298152345372 0.507716567026319
0.862298152345372 0.858629965623203
0.677381630371037 0.858629965623203
0.677381630371037 0.170193811026492
0.371158535765092 0.170193811026492
0.371158535765092 0.667682872464733
0.381770347888475 0.667682872464733
0.381770347888475 0.328146252468296
0.32183543933641 0.328146252468296
0.32183543933641 0.270955424416324
0.322557159384041 0.270955424416324
0.322557159384041 0.635839004365652
0.5081298498009 0.635839004365652
0.5081298498009 0.228498512985417
0.238273983932228 0.228498512985417
0.238273983932228 0.181326129558182
0.110247096098143 0.181326129558182
0.110247096098143 0.354840194971692
0.744735480167314 0.354840194971692
0.744735480167314 0.805956066495718
0.996828027999414 0.805956066495718
0.996828027999414 0.0712959049601554
0.785382083517212 0.0712959049601554
0.785382083517212 0.506533245791929
0.388252653828008 0.506533245791929
0.388252653828008 0.857788353160856
0.331117935632876 0.857788353160856
0.331117935632876 0.872148142136702
0.492448339933738 0.872148142136702
0.492448339933738 0.25077009492124
0.993306522720171 0.25077009492124
0.993306522720171 0.60301150782174
0.796613544596645 0.60301150782174
0.796613544596645 0.794730832239022
0.101188880438539 0.794730832239022
0.101188880438539 0.0629022782961383
0.569073474765324 0.0629022782961383
0.569073474765324 0.986286862746946
0.770586527777178 0.986286862746946
0.770586527777178 0.0671816212437961
0.64284763468562 0.0671816212437961
0.64284763468562 0.567875489391328
0.533757291051446 0.567875489391328
0.533757291051446 0.678394788726417
0.730660600927966 0.678394788726417
0.730660600927966 0.718339315018775
0.305401511166897 0.718339315018775
0.305401511166897 0.296676082674729
0.158437585066276 0.296676082674729
0.158437585066276 0.929092857488009
0.0127983694024376 0.929092857488009
0.0127983694024376 0.112183789774861
0.610888372925524 0.112183789774861
0.610888372925524 0.172219828317044
0.510888539026905 0.172219828317044
0.510888539026905 0.791002247385216
0.0732478821059912 0.791002247385216
0.0732478821059912 0.170848384579107
0.781941157198484 0.170848384579107
0.781941157198484 0.513370182604236
0.336564936831857 0.513370182604236
0.336564936831857 0.509622205751772
0.835697912534558 0.509622205751772
0.835697912534558 0.0710653444151698
0.277648901696153 0.0710653444151698
0.277648901696153 0.7195456515623
0.839225459769008 0.7195456515623
0.839225459769008 0.713399017561879
0.127309632546878 0.713399017561879
0.127309632546878 0.17537170563609
0.612252654792859 0.17537170563609
0.612252654792859 0.123960233351197
0.584253667194514 0.123960233351197
0.584253667194514 0.677553858923518
0.163108431810098 0.677553858923518
0.163108431810098 0.428952538608086
0.537538613908709 0.428952538608086
0.537538613908709 0.106987294790795
0.775872644863963 0.106987294790795
0.775872644863963 0.669913338809234
0.552386841993959 0.669913338809234
0.552386841993959 0.0344418529581473
0.713710557070426 0.0344418529581473
0.713710557070426 0.56335548244573
0.237971725518802 0.56335548244573
0.237971725518802 0.881122732945309
0.992123134896217 0.881122732945309
0.992123134896217 0.624393716279601
0.283842293212117 0.624393716279601
0.283842293212117 0.310186633053323
0.989654396190147 0.310186633053323
0.989654396190147 0.398225090186216
0.204345705548462 0.398225090186216
0.204345705548462 0.257216345172942
0.730616684411939 0.257216345172942
0.730616684411939 0.133225428933848
0.73217757685677 0.133225428933848
0.73217757685677 0.462691946636276
0.400745887030263 0.462691946636276
0.400745887030263 0.0111149493656656
0.879113855249767 0.0111149493656656
0.879113855249767 0.592002493605019
0.169366450127851 0.592002493605019
0.169366450127851 0.983065879430187
0.31684020269515 0.983065879430187
0.31684020269515 0.88883813605124
0.527930122580347 0.88883813605124
0.527930122580347 0.933334514002006
0.00911139650694625 0.933334514002006
0.00911139650694625 0.0819360004188195
0.253463633476507 0.0819360004188195
0.253463633476507 0.966260587315196
0.394975739715144 0.966260587315196
0.394975739715144 0.11202781838925
0.960983340610277 0.11202781838925
0.960983340610277 0.302123083873709
0.795911648681346 0.302123083873709
0.795911648681346 0.272342430088829
0.833093618896368 0.272342430088829
0.833093618896368 0.396526168750844
0.727422516666084 0.396526168750844
0.727422516666084 0.214831743489407
0.429556724349762 0.214831743489407
0.429556724349762 0.817122999493556
0.185717309445942 0.817122999493556
0.185717309445942 0.214027564606642
0.919614527802735 0.214027564606642
0.919614527802735 0.327037322021573
0.946937174511578 0.327037322021573
0.946937174511578 0.0298830028762496
0.696774961751315 0.0298830028762496
0.696774961751315 0.074846667272433
0.706241407760531 0.074846667272433
0.706241407760531 0.764757695498298
0.790799483559467 0.764757695498298
0.790799483559467 0.96038434838894
0.865075402830297 0.96038434838894
0.865075402830297 0.730644677640239
0.24651527975058 0.730644677640239
0.24651527975058 0.349133589467562
0.353192610364963 0.349133589467562
0.353192610364963 0.0587886208942107
0.615282319772654 0.0587886208942107
0.615282319772654 0.201906292793297
0.0567229995768159 0.201906292793297
0.0567229995768159 0.0233938088749507
0.00324935047107253 0.0233938088749507
0.00324935047107253 0.0923178871592124
0.296233004562665 0.0923178871592124
0.296233004562665 0.42849360053823
0.337313780252502 0.42849360053823
0.337313780252502 0.459835146767942
0.629598327739909 0.459835146767942
0.629598327739909 0.00421971827941934
0.283692432699582 0.00421971827941934
0.283692432699582 0.66428211176036
0.162445769255257 0.66428211176036
0.162445769255257 0.352243450634295
0.797348569984244 0.352243450634295
0.797348569984244 0.102812638088508
0.969223608248506 0.102812638088508
0.969223608248506 0.200892800558774
0.986397339490427 0.200892800558774
0.986397339490427 0.979228393630697
0.385161038667504 0.979228393630697
0.385161038667504 0.178616966204074
0.260019179554665 0.178616966204074
0.260019179554665 0.630218044216846
0.321228334829783 0.630218044216846
0.321228334829783 0.000598992221336342
0.437047681043412 0.000598992221336342
0.437047681043412 0.0652669710411071
0.0258271503382489 0.0652669710411071
0.0258271503382489 0.483960029428806
0.0433335583858814 0.483960029428806
0.0433335583858814 0.668633895771873
0.599549423716753 0.668633895771873
0.599549423716753 0.227650431556464
0.76039999991674 0.227650431556464
0.76039999991674 0.162323500570992
0.21077821413557 0.162323500570992
0.21077821413557 0.827296640643522
0.0308043174589073 0.827296640643522
0.0308043174589073 0.518443573973348
0.692569222623747 0.518443573973348
0.692569222623747 0.236939814983373
0.445248339532525 0.236939814983373
0.445248339532525 0.702021689481112
0.481065262798716 0.702021689481112
0.481065262798716 0.126517371799106
0.797938579133683 0.126517371799106
0.797938579133683 0.512831952196002
0.933296107655995 0.512831952196002
0.933296107655995 0.143702641662072
0.379909981219056 0.143702641662072
0.379909981219056 0.152299809806188
0.0723912814037834 0.152299809806188
0.0723912814037834 0.636053926141958
0.816745254125793 0.636053926141958
0.816745254125793 0.878106033372742
0.763374629320286 0.878106033372742
0.763374629320286 0.373031306254226
0.771089552329429 0.373031306254226
0.771089552329429 0.295634012341329
0.991445919494818 0.295634012341329
0.991445919494818 0.272046809211395
0.434007996429693 0.272046809211395
0.434007996429693 0.145638298311102
0.960886159893538 0.145638298311102
0.960886159893538 0.615058536927709
0.0647326880436077 0.615058536927709
0.0647326880436077 0.934795337698793
0.591843450717555 0.934795337698793
0.591843450717555 0.635025069413253
0.892034423952938 0.635025069413253
0.892034423952938 0.141926967604983
0.170088483099867 0.141926967604983
0.170088483099867 0.467953765517079
0.286659171006949 0.467953765517079
0.286659171006949 0.148221223684131
0.733368626671549 0.148221223684131
0.733368626671549 0.557997490073553
0.14915278141813 0.557997490073553
0.14915278141813 0.194710963030677
0.202660413087653 0.194710963030677
0.202660413087653 0.92421572884741
0.131970863385112 0.92421572884741
0.131970863385112 0.882124508676177
0.10405004820975 0.882124508676177
0.10405004820975 0.891033748579693
0.59624261436809 0.891033748579693
0.59624261436809 0.963495497574795
0.410905177430671 0.963495497574795
0.410905177430671 0.882293966543998
0.398948871250706 0.882293966543998
0.398948871250706 0.837746907881343
0.0562070883140932 0.837746907881343
0.0562070883140932 0.735170305117578
0.52699765447853 0.735170305117578
0.52699765447853 0.420522413412352
0.80293181855368 0.420522413412352
0.80293181855368 0.299610041221422
0.741135529587574 0.299610041221422
0.741135529587574 0.866006725871007
0.0617846837554987 0.866006725871007
0.0617846837554987 0.86314324143489
0.920988501478447 0.86314324143489
0.920988501478447 0.298271038242742
0.251668217709134 0.298271038242742
0.251668217709134 0.237983013614073
0.982211326706322 0.237983013614073
0.982211326706322 0.604437515886704
0.349394755135009 0.604437515886704
0.349394755135009 0.668524030441662
0.144737406701193 0.668524030441662
0.144737406701193 0.205377139246733
0.223878524836096 0.205377139246733
0.223878524836096 0.576378589298752
0.0929735992536757 0.576378589298752
0.0929735992536757 0.0672301906474075
0.140075945826283 0.0672301906474075
0.140075945826283 0.551883487753516
0.0415882501013522 0.551883487753516
0.0415882501013522 0.069852411313845
0.0188159225596189 0.069852411313845
0.0188159225596189 0.101237190468813
0.523890160268122 0.101237190468813
0.523890160268122 0.709549484173557
0.236076198162546 0.709549484173557
0.236076198162546 0.054287516071595
0.0857198792908899 0.054287516071595
0.0857198792908899 0.434918177982288
0.940956111038549 0.434918177982288
0.940956111038549 0.866136757594597
0.34528940513045 0.866136757594597
0.34528940513045 0.433758585450127
0.816861960485979 0.433758585450127
0.816861960485979 0.283146055547123
0.132926279275178 0.283146055547123
0.132926279275178 0.339517171652763
0.00322722736896352 0.339517171652763
0.00322722736896352 0.833699825142371
0.630456290967044 0.833699825142371
0.630456290967044 0.866067034595677
0.908822421873371 0.866067034595677
0.908822421873371 0.991805098481386
0.614100742439786 0.991805098481386
0.614100742439786 0.742381146989009
0.737556559842805 0.742381146989009
0.737556559842805 0.193571732003974
0.613868383045247 0.193571732003974
0.613868383045247 0.479828499015341
0.642196705863903 0.479828499015341
0.642196705863903 0.459767463831123
0.28044646758607 0.459767463831123
0.28044646758607 0.251048330800165
0.25802179112007 0.251048330800165
0.25802179112007 0.671283118273729
0.847190803311388 0.671283118273729
0.847190803311388 0.960547493286686
0.339253081166769 0.960547493286686
0.339253081166769 0.211439017304889
0.0621948400801955 0.211439017304889
0.0621948400801955 0.197380701637538
0.152263134323183 0.197380701637538
0.152263134323183 0.547293148724033
0.663481404848155 0.547293148724033
0.663481404848155 0.483257997540412
0.323234625311212 0.483257997540412
0.323234625311212 0.710978821251066
0.388515178760754 0.710978821251066
0.388515178760754 0.940732469288973
0.443452310023574 0.940732469288973
0.443452310023574 0.753456427600913
0.064002963278444 0.753456427600913
0.064002963278444 0.306376120683912
0.921427196786472 0.306376120683912
0.921427196786472 0.175521215505675
0.161029989440474 0.175521215505675
0.161029989440474 0.0270108240782334
0.487136448029027 0.0270108240782334
0.487136448029027 0.781509013279112
0.971992924330753 0.781509013279112
0.971992924330753 0.0425044661585728
0.440419133026348 0.0425044661585728
0.440419133026348 0.605891380275549
0.792721472118386 0.605891380275549
0.792721472118386 0.481188647207426
0.585690290008527 0.481188647207426
0.585690290008527 0.0942410743302857
0.175736794330057 0.0942410743302857
0.175736794330057 0.14557884221225
0.435955252235735 0.14557884221225
0.435955252235735 0.172378785988492
0.000264090485993815 0.172378785988492
0.000264090485993815 0.791788210064074
0.771504985062175 0.791788210064074
0.771504985062175 0.433075589329505
0.713803900272494 0.433075589329505
0.713803900272494 0.361529273149338
0.32832369363323 0.361529273149338
0.32832369363323 0.130842744899375
0.419146521677797 0.130842744899375
0.419146521677797 0.0265777385917389
0.80505655324322 0.0265777385917389
0.80505655324322 0.673135913756274
0.0363761889917665 0.673135913756274
0.0363761889917665 0.88874027826299
0.395764500552679 0.88874027826299
0.395764500552679 0.974070346902157
0.329621134013692 0.974070346902157
0.329621134013692 0.0825005756143949
0.510253128833255 0.0825005756143949
0.510253128833255 0.820179979233155
0.473411045257659 0.820179979233155
0.473411045257659 0.557744067887656
0.239446092974137 0.557744067887656
0.239446092974137 0.0196903739216227
0.75696156861119 0.0196903739216227
0.75696156861119 0.546371754047634
0.754571676605647 0.546371754047634
0.754571676605647 0.182292757640729
0.897567707531884 0.182292757640729
0.897567707531884 0.228993550980926
0.535242026921009 0.228993550980926
0.535242026921009 0.242936336548504
0.504777217053239 0.242936336548504
0.504777217053239 0.271073524035082
0.753192337114919 0.271073524035082
0.753192337114919 0.27221475321437
0.534871135621737 0.27221475321437
0.534871135621737 0.488351607456967
0.461717315233181 0.488351607456967
0.461717315233181 0.799500716291136
0.698687130445003 0.799500716291136
0.698687130445003 0.356293703129652
0.362362491601316 0.356293703129652
0.362362491601316 0.945415185739014
0.237447912915353 0.945415185739014
0.237447912915353 0.767283219270074
0.569515191283783 0.767283219270074
0.569515191283783 0.903981193855396
0.0854241466547475 0.903981193855396
0.0854241466547475 0.61161994310637
0.764619940316593 0.61161994310637
0.764619940316593 0.0932362187156622
0.635325713378995 0.0932362187156622
0.635325713378995 0.61577527300258
0.698967740730833 0.61577527300258
0.698967740730833 0.442520022598337
0.552342117089938 0.442520022598337
0.552342117089938 0.751814611140552
0.676114020718315 0.751814611140552
0.676114020718315 0.16743214622486
0.606957596543691 0.16743214622486
0.606957596543691 0.146030935992501
0.233275037367491 0.146030935992501
0.233275037367491 0.190152970696871
0.49133571167073 0.190152970696871
0.49133571167073 0.562120216694716
0.168358696703035 0.562120216694716
0.168358696703035 0.765302664956685
0.135547941148071 0.765302664956685
0.135547941148071 0.123549747338309
0.43919921128042 0.123549747338309
0.43919921128042 0.841269526556725
0.620783260381214 0.841269526556725
0.620783260381214 0.71075241254212
0.121492848788152 0.71075241254212
0.121492848788152 0.117117342128007
0.195381576286341 0.117117342128007
0.195381576286341 0.294030907235123
0.78224246100627 0.294030907235123
0.78224246100627 0.989678349341116
0.976856562763851 0.989678349341116
0.976856562763851 0.850590482750251
0.0968686109859816 0.850590482750251
0.0968686109859816 0.285947764425514
0.464373610664333 0.285947764425514
0.464373610664333 0.442005808205346
0.607610623169509 0.442005808205346
0.607610623169509 0.889001944050659
0.572105783304249 0.889001944050659
0.572105783304249 0.310672314516582
0.719872636124432 0.310672314516582
0.719872636124432 0.783056524481185
0.812237586738652 0.783056524481185
0.812237586738652 0.294285169008321
0.192543119747445 0.294285169008321
0.192543119747445 0.552656194452502
0.123018665762161 0.552656194452502
0.123018665762161 0.172209520904445
0.454079474068284 0.172209520904445
0.454079474068284 0.675327696220636
0.59892452256704 0.675327696220636
0.59892452256704 0.804212526327098
0.768433252707326 0.804212526327098
0.768433252707326 0.961874399316439
0.17242073182595 0.961874399316439
0.17242073182595 0.923350413759868
0.472452958334448 0.923350413759868
0.472452958334448 0.924573300836875
0.494282424214428 0.924573300836875
0.494282424214428 0.581850398602826
0.247138446311997 0.581850398602826
0.247138446311997 0.258311209854815
0.969572150134282 0.258311209854815
0.969572150134282 0.686435671377199
0.190575583461009 0.686435671377199
0.190575583461009 0.75636711379344
0.0491623250065196 0.75636711379344
0.0491623250065196 0.947327272941976
0.725779360032538 0.947327272941976
0.725779360032538 0.0493299034653836
0.954509593525207 0.0493299034653836
0.954509593525207 0.279356752652375
0.193196881652436 0.279356752652375
0.193196881652436 0.824875626631489
0.403677111213876 0.824875626631489
0.403677111213876 0.656142686799235
0.029031939818073 0.656142686799235
0.029031939818073 0.326498091372893
0.518209292794675 0.326498091372893
0.518209292794675 0.56883665433565
0.994098676365846 0.56883665433565
0.994098676365846 0.023172055381896
0.839951433166839 0.023172055381896
0.839951433166839 0.106914764785634
0.390753826774076 0.106914764785634
0.390753826774076 0.172644036436753
0.0821572300429257 0.172644036436753
0.0821572300429257 0.134994211669543
0.113527032599564 0.134994211669543
0.113527032599564 0.541023196904465
0.969552849870898 0.541023196904465
0.969552849870898 0.683037322332634
0.394719519836232 0.683037322332634
0.394719519836232 0.990255384701423
0.0635338682045852 0.990255384701423
0.0635338682045852 0.461561426269618
0.813484374346903 0.461561426269618
0.813484374346903 0.125801915361454
0.103709585547312 0.125801915361454
0.103709585547312 0.436176005954005
0.503493869445982 0.436176005954005
0.503493869445982 0.175691392820185
0.446430160871907 0.175691392820185
0.446430160871907 0.4047495706029
0.720818102695429 0.4047495706029
0.720818102695429 0.319567769914664
0.611015644674662 0.319567769914664
0.611015644674662 0.943557626075837
0.558197288102562 0.943557626075837
0.558197288102562 0.516278045026715
0.894318473941795 0.516278045026715
0.894318473941795 0.145954866961555
0.4063640080422 0.145954866961555
0.4063640080422 0.925445769878778
0.58775172223698 0.925445769878778
0.58775172223698 0.223966390930101
0.418359776687976 0.223966390930101
0.418359776687976 0.862657385348648
0.295681844603122 0.862657385348648
0.295681844603122 0.0179315470242554
0.674209883750514 0.0179315470242554
0.674209883750514 0.914168113336977
0.833800240342412 0.914168113336977
0.833800240342412 0.184756163128072
0.0797770535944854 0.184756163128072
0.0797770535944854 0.271472271192573
0.884637232816143 0.271472271192573
0.884637232816143 0.202941496951013
0.761341758426904 0.202941496951013
0.761341758426904 0.942115684944259
0.842658312452332 0.942115684944259
0.842658312452332 0.903230024456619
0.222788505825581 0.903230024456619
0.222788505825581 0.0820332868406704
0.0653427848896677 0.0820332868406704
0.0653427848896677 0.818407283545661
0.576741894509989 0.818407283545661
0.576741894509989 0.435201862563939
0.386096662090205 0.435201862563939
0.386096662090205 0.0711860568594123
0.561628391762091 0.0711860568594123
0.561628391762091 0.138599603967089
0.576796923566981 0.138599603967089
0.576796923566981 0.597248987572849
0.64670472296267 0.597248987572849
0.64670472296267 0.823597982909343
0.276673314290435 0.823597982909343
0.276673314290435 0.469273749957454
0.402503662464443 0.469273749957454
0.402503662464443 0.839567477274485
0.0432016495816417 0.839567477274485
0.0432016495816417 0.950826988998254
0.830120070758332 0.950826988998254
0.830120070758332 0.0857780385230566
0.761966122203491 0.0857780385230566
0.761966122203491 0.589325756109006
0.341891152477773 0.589325756109006
0.341891152477773 0.261673997743835
0.324972517008415 0.261673997743835
0.324972517008415 0.449345831502856
0.434930537098521 0.449345831502856
0.434930537098521 0.40807414772365
0.182215867648933 0.40807414772365
0.182215867648933 0.616081603158303
0.673619732574383 0.616081603158303
0.673619732574383 0.991088449485175
0.923166361135974 0.991088449485175
0.923166361135974 0.324330721201529
0.86010298498911 0.324330721201529
0.86010298498911 0.769344438691318
0.647224496420112 0.769344438691318
0.647224496420112 0.983157914124037
0.476560723258444 0.983157914124037
0.476560723258444 0.22449578774371
0.456303155262164 0.22449578774371
0.456303155262164 0.535610279783425
0.337371189769996 0.535610279783425
0.337371189769996 0.236551252769563
0.538051440165402 0.236551252769563
0.538051440165402 0.256179070685142
0.994798956902138 0.256179070685142
0.994798956902138 0.415363482858689
0.800437834486569 0.415363482858689
0.800437834486569 0.921774281152419
0.898914035362617 0.921774281152419
0.898914035362617 0.891831323454078
0.0731099536982877 0.891831323454078
0.0731099536982877 0.137010467302525
0.32006716463718 0.137010467302525
0.32006716463718 0.476017028780662
0.476516131067889 0.476017028780662
0.476516131067889 0.315067896766154
0.110229345555524 0.315067896766154
0.110229345555524 0.936750830587349
0.636255519760892 0.936750830587349
0.636255519760892 0.153554244038441
0.956383736318156 0.153554244038441
0.956383736318156 0.960715320408677
0.923629254998467 0.960715320408677
0.923629254998467 0.655616273477495
0.900431621773369 0.655616273477495
0.900431621773369 0.952342593088906
0.609170764968344 0.952342593088906
0.609170764968344 0.633159223773125
0.192342980854373 0.633159223773125
0.192342980854373 0.0600437354576046
0.474266265739811 0.0600437354576046
0.474266265739811 0.605624283014622
0.629474883260892 0.605624283014622
0.629474883260892 0.226355842420066
0.25195456633901 0.226355842420066
0.25195456633901 0.10533989970821
0.723622557578433 0.10533989970821
0.723622557578433 0.0687934463232725
0.454546874600717 0.0687934463232725
0.454546874600717 0.0195670542398314
0.60763631323708 0.0195670542398314
0.60763631323708 0.260441586496514
0.717167567795686 0.260441586496514
0.717167567795686 0.781788409120305
0.917978495786888 0.781788409120305
0.917978495786888 0.786155893833449
0.00426355656434948 0.786155893833449
0.00426355656434948 0.384085956208448
0.292828307623429 0.384085956208448
0.292828307623429 0.332156599653958
0.872928568568513 0.332156599653958
0.872928568568513 0.539809892671094
0.588240267982818 0.539809892671094
0.588240267982818 0.302748911223723
0.579226543465269 0.302748911223723
0.579226543465269 0.376655869361319
0.312921997771096 0.376655869361319
0.312921997771096 0.882435166687907
0.355747448911773 0.882435166687907
0.355747448911773 0.0424563638132328
0.806192717890345 0.0424563638132328
0.806192717890345 0.167278610713444
0.729431300298046 0.167278610713444
0.729431300298046 0.838870299905012
0.417565057714267 0.838870299905012
0.417565057714267 0.467485670683666
0.507535584041633 0.467485670683666
0.507535584041633 0.093711322217114
0.224062462441652 0.093711322217114
0.224062462441652 0.371176231359679
0.591445339187721 0.371176231359679
0.591445339187721 0.0414358992322515
0.482203955986632 0.0414358992322515
0.482203955986632 0.61668846552106
0.545917930801361 0.61668846552106
0.545917930801361 0.695942149821642
0.243547752612991 0.695942149821642
0.243547752612991 0.141840845878162
0.737637777690607 0.141840845878162
0.737637777690607 0.11427572793992
0.948079036524556 0.11427572793992
0.948079036524556 0.225084808759896
0.340330916149696 0.225084808759896
0.340330916149696 0.860186381200415
0.187115166889092 0.860186381200415
0.187115166889092 0.934456373068717
0.0173840150318034 0.934456373068717
0.0173840150318034 0.326725972037169
0.647129298954797 0.326725972037169
0.647129298954797 0.875298696977691
0.792417901937113 0.875298696977691
0.792417901937113 0.841187390890525
0.7130459974115 0.841187390890525
0.7130459974115 0.412090510787484
0.213374336349487 0.412090510787484
0.213374336349487 0.440357702523636
0.531010286198468 0.440357702523636
0.531010286198468 0.878297267890674
0.364223351406038 0.878297267890674
0.364223351406038 0.450492825103222
0.278620309791817 0.450492825103222
0.278620309791817 0.910552234347236
0.160023493766796 0.910552234347236
0.160023493766796 0.92165207626375
0.740711260466236 0.92165207626375
0.740711260466236 0.831492669336262
0.0576059366844622 0.831492669336262
0.0576059366844622 0.971551802461758
0.756830980422362 0.971551802461758
0.756830980422362 0.883284393643627
0.133108116748327 0.883284393643627
0.133108116748327 0.171081151892935
0.1447973889973 0.171081151892935
0.1447973889973 0.241471720971852
0.0943773272886767 0.241471720971852
0.0943773272886767 0.581107909130448
0.826947694563748 0.581107909130448
0.826947694563748 0.869244919097631
0.651755133015921 0.869244919097631
0.651755133015921 0.483108684645551
0.450101655651863 0.483108684645551
0.450101655651863 0.180809612004463
0.446582023262317 0.180809612004463
0.446582023262317 0.348763765463961
0.578758329422566 0.348763765463961
0.578758329422566 0.750257948297196
0.328389901820752 0.750257948297196
0.328389901820752 0.0701134451991475
0.403314129171574 0.0701134451991475
0.403314129171574 0.105560228277724
0.164931863623174 0.105560228277724
0.164931863623174 0.365250484722317
0.777617494472124 0.365250484722317
0.777617494472124 0.287144952587385
0.835655418148104 0.287144952587385
0.835655418148104 0.0375268021773206
0.0650613149931008 0.0375268021773206
0.0650613149931008 0.418678839885946
0.119475120734179 0.418678839885946
0.119475120734179 0.35562249755283
0.876850436384254 0.35562249755283
0.876850436384254 0.0458322125700452
0.569894991614807 0.0458322125700452
0.569894991614807 0.76384490531117
0.742190580229364 0.76384490531117
0.742190580229364 0.621336750044179
0.696390001893225 0.621336750044179
0.696390001893225 0.471574276439647
0.317713183498808 0.471574276439647
0.317713183498808 0.632266427219038
0.613410007959888 0.632266427219038
0.613410007959888 0.661765367100837
0.226542134874753 0.661765367100837
0.226542134874753 0.881114666760487
0.000391169451359273 0.881114666760487
0.000391169451359273 0.0978106977873532
0.463970211084918 0.0978106977873532
0.463970211084918 0.811259728302834
0.342893746841184 0.811259728302834
0.342893746841184 0.99045331216904
0.50310276751551 0.99045331216904
0.50310276751551 0.987492491485315
0.568237673290185 0.987492491485315
0.568237673290185 0.651270752144638
0.718352530020453 0.651270752144638
0.718352530020453 0.76785763202601
0.39346365742081 0.76785763202601
0.39346365742081 0.857652436409915
0.405816302823749 0.857652436409915
0.405816302823749 0.0568505251113561
0.516046594137348 0.0568505251113561
0.516046594137348 0.408268854677802
0.749769798363452 0.408268854677802
0.749769798363452 0.296132635463091
0.606258248261296 0.296132635463091
0.606258248261296 0.404269443081817
0.610914620389656 0.404269443081817
0.610914620389656 0.682737117951148
0.606573185234597 0.682737117951148
0.606573185234597 0.957421579378388
0.0538679464039709 0.957421579378388
0.0538679464039709 0.856815625381104
0.75240026170034 0.856815625381104
0.75240026170034 0.771047701952535
0.492150220317836 0.771047701952535
0.492150220317836 0.503166496522336
0.138708349847565 0.503166496522336
0.138708349847565 0.896502827711637
0.286753783136026 0.896502827711637
0.286753783136026 0.737844720360751
0.573556591092402 0.737844720360751
0.573556591092402 0.253801586690266
0.0757850930447621 0.253801586690266
0.0757850930447621 0.129021808565139
0.85251973003732 0.129021808565139
0.85251973003732 0.88935794489894
0.477594539279861 0.88935794489894
0.477594539279861 0.918624239470169
0.0454923752907162 0.918624239470169
0.0454923752907162 0.974332948203354
0.227873092623368 0.974332948203354
0.227873092623368 0.83873756548331
0.0657579736158987 0.83873756548331
0.0657579736158987 0.260862658387452
0.116219833081691 0.260862658387452
0.116219833081691 0.205141153282086
0.911995568737386 0.205141153282086
0.911995568737386 0.930409499411662
0.274856418499191 0.930409499411662
0.274856418499191 0.596121726369542
0.486896077397697 0.596121726369542
0.486896077397697 0.78123309313377
0.204686543068237 0.78123309313377
0.204686543068237 0.385472167462796
0.936585365765069 0.385472167462796
0.936585365765069 0.646287142134405
0.235092229784975 0.646287142134405
0.235092229784975 0.797189971337649
0.159120531826802 0.797189971337649
0.159120531826802 0.215186033498117
0.629149282178445 0.215186033498117
0.629149282178445 0.496960829709173
0.570898653273889 0.496960829709173
0.570898653273889 0.667971582462998
0.483293934018954 0.667971582462998
0.483293934018954 0.262245007447081
0.33248376163304 0.262245007447081
0.33248376163304 0.620747989798313
0.443612905425771 0.620747989798313
0.443612905425771 0.716900303362357
0.926674903801957 0.716900303362357
0.926674903801957 0.692290380919487
0.637244742660432 0.692290380919487
0.637244742660432 0.632240237031244
0.729548486755019 0.632240237031244
0.729548486755019 0.215130380920661
0.791057651765206 0.215130380920661
0.791057651765206 0.491537603312888
0.654827868870845 0.491537603312888
0.654827868870845 0.28700906703575
0.591170927784951 0.28700906703575
0.591170927784951 0.208298850435903
0.621646409212447 0.208298850435903
0.621646409212447 0.690632056766484
0.250948642963054 0.690632056766484
0.250948642963054 0.792323497958632
0.0491150436220295 0.792323497958632
0.0491150436220295 0.690312925581966
0.192436442800069 0.690312925581966
0.192436442800069 0.206232587902915
0.654265715113965 0.206232587902915
0.654265715113965 0.680404567942212
0.759503707643367 0.680404567942212
0.759503707643367 0.830306341792599
0.345183666024908 0.830306341792599
0.345183666024908 0.730912262914196
0.267838912209421 0.730912262914196
0.267838912209421 0.397786391152901
0.777568724368498 0.397786391152901
0.777568724368498 0.853974825634609
0.872657391649046 0.853974825634609
0.872657391649046 0.291247578939073
0.486796593985891 0.291247578939073
0.486796593985891 0.557956115136834
0.669446822567585 0.557956115136834
0.669446822567585 0.794605696478209
0.143988350473339 0.794605696478209
0.143988350473339 0.572446306036993
0.655923680707777 0.572446306036993
0.655923680707777 0.721454984844409
0.855229490369199 0.721454984844409
0.855229490369199 0.743554626472087
0.142362102466804 0.743554626472087
0.142362102466804 0.872111464791052
0.624015105713166 0.872111464791052
0.624015105713166 0.420850431742543
0.875314420496726 0.420850431742543
0.875314420496726 0.880266596507405
0.417022939499944 0.880266596507405
0.417022939499944 0.690970436060322
0.213129963825052 0.690970436060322
0.213129963825052 0.642170836051074
0.428311546998244 0.642170836051074
0.428311546998244 0.237380317522856
0.0626345882483919 0.237380317522856
0.0626345882483919 0.246270335859745
0.93278667327612 0.246270335859745
0.93278667327612 0.806938400867832
0.287056571006336 0.806938400867832
0.287056571006336 0.998636223840824
0.94729146871124 0.998636223840824
0.94729146871124 0.393271260612305
0.71396887894439 0.393271260612305
0.71396887894439 0.800853043236236
0.414351675386704 0.800853043236236
0.414351675386704 0.299923348845878
0.721502256450012 0.299923348845878
0.721502256450012 0.0636902940756131
0.0211852341988987 0.0636902940756131
0.0211852341988987 0.456342946484845
0.648335147485293 0.456342946484845
0.648335147485293 0.476668737585036
0.0343892448741893 0.476668737585036
0.0343892448741893 0.470981457955661
0.351003097533715 0.470981457955661
0.351003097533715 0.910711088641878
0.538042465475408 0.910711088641878
0.538042465475408 0.887392242852315
0.206291236079434 0.887392242852315
0.206291236079434 0.924333234282366
0.85559784241747 0.924333234282366
0.85559784241747 0.387572315702016
0.980763451652957 0.387572315702016
0.980763451652957 0.0865982883081763
0.640844861809558 0.0865982883081763
0.640844861809558 0.230486555597971
0.862936031940829 0.230486555597971
0.862936031940829 0.249416276463036
0.495321526888442 0.249416276463036
0.495321526888442 0.42317648670784
0.861819023202089 0.42317648670784
0.861819023202089 0.337049949605507
0.285389735030658 0.337049949605507
0.285389735030658 0.657287456866953
0.774163516133168 0.657287456866953
0.774163516133168 0.461958229756895
0.029585747527697 0.461958229756895
0.029585747527697 0.341509059230568
0.457759789404347 0.341509059230568
0.457759789404347 0.324091756867288
0.699348175292531 0.324091756867288
0.699348175292531 0.811624126421113
0.859081362308507 0.811624126421113
0.859081362308507 0.960679993015099
0.0426352885750287 0.960679993015099
0.0426352885750287 0.736461226240015
0.607781591176885 0.736461226240015
0.607781591176885 0.957330089042583
0.88637721998914 0.957330089042583
0.88637721998914 0.151923499606514
0.708227870384337 0.151923499606514
0.708227870384337 0.0453944304238048
0.600647164788399 0.0453944304238048
0.600647164788399 0.36272333672397
0.143038381423353 0.36272333672397
0.143038381423353 0.559719153009224
0.412507808959348 0.559719153009224
0.412507808959348 0.627370590636214
0.160008181426678 0.627370590636214
0.160008181426678 0.183865119788733
0.436987316905049 0.183865119788733
0.436987316905049 0.472085979986976
0.568368767187171 0.472085979986976
0.568368767187171 0.598008747491058
0.594523923282755 0.598008747491058
0.594523923282755 0.311285197879786
0.191279002554379 0.311285197879786
0.191279002554379 0.377101788007236
0.696817941822492 0.377101788007236
0.696817941822492 0.889044867776821
0.881125341114181 0.889044867776821
0.881125341114181 0.196533406244839
0.429632453447968 0.196533406244839
0.429632453447968 0.882199479212146
0.224985058989835 0.882199479212146
0.224985058989835 0.0439737159963575
0.528490953393509 0.0439737159963575
0.528490953393509 0.0200834586378576
0.0439629997331477 0.0200834586378576
0.0439629997331477 0.904383635569542
0.622704964421086 0.904383635569542
0.622704964421086 0.905605942898246
0.363039056473895 0.905605942898246
0.363039056473895 0.343398027281928
0.714948616323503 0.343398027281928
0.714948616323503 0.816424592778284
0.736402784817108 0.816424592778284
0.736402784817108 0.922666398306688
0.5142490754436 0.922666398306688
0.5142490754436 0.214444363123944
0.0494504207975466 0.214444363123944
0.0494504207975466 0.402215156891483
0.18150087780389 0.402215156891483
0.18150087780389 0.273894669615615
0.887104439962238 0.273894669615615
0.887104439962238 0.227262195305555
0.243255359233942 0.227262195305555
0.243255359233942 0.261072614817448
0.366156069732344 0.261072614817448
0.366156069732344 0.731350090695242
0.545182223685636 0.731350090695242
0.545182223685636 0.230679803169649
0.26051214722009 0.230679803169649
0.26051214722009 0.997332352212319
0.270798158492333 0.997332352212319
0.270798158492333 0.511694464139498
0.615761976975837 0.511694464139498
0.615761976975837 0.718447685576252
0.137738277734135 0.718447685576252
0.137738277734135 0.0990646654269959
0.0312281996157152 0.0990646654269959
0.0312281996157152 0.39242435032149
0.583407590903066 0.39242435032149
0.583407590903066 0.255624545857135
0.561160155367646 0.255624545857135
0.561160155367646 0.531381374006803
0.10904692351308 0.531381374006803
0.10904692351308 0.224970739905243
0.883060131167555 0.224970739905243
0.883060131167555 0.778099330504471
0.574882413062678 0.778099330504471
0.574882413062678 0.268612604247691
0.862852712563636 0.268612604247691
0.862852712563636 0.482373578698548
0.839594446979274 0.482373578698548
0.839594446979274 0.478910184222697
0.0150325284409488 0.478910184222697
0.0150325284409488 0.155737783832353
0.995095039249908 0.155737783832353
0.995095039249908 0.997722863684279
0.800718356762416 0.997722863684279
0.800718356762416 0.267418338576061
0.653927388905514 0.267418338576061
0.653927388905514 0.312612909037905
0.359201411883906 0.312612909037905
0.359201411883906 0.392025161251437
0.645093795678156 0.392025161251437
0.645093795678156 0.365706704261576
0.0725998687895946 0.365706704261576
0.0725998687895946 0.203254152184005
0.200662615802448 0.203254152184005
0.200662615802448 0.0179550992408558
0.784928120572552 0.0179550992408558
0.784928120572552 0.415184410016604
0.183216163508229 0.415184410016604
0.183216163508229 0.657026070476056
0.818807565988418 0.657026070476056
0.818807565988418 0.925876331946755
0.712734514247968 0.925876331946755
0.712734514247968 0.355723065955435
0.118215271792475 0.355723065955435
0.118215271792475 0.0182846193286984
0.378012483649893 0.0182846193286984
0.378012483649893 0.588056739227873
0.156467677632565 0.588056739227873
0.156467677632565 0.276569619437945
0.367827090606013 0.276569619437945
0.367827090606013 0.778138568521542
0.157737905233045 0.778138568521542
0.157737905233045 0.791887974269636
0.496661935698549 0.791887974269636
0.496661935698549 0.460024193143483
0.723352646326345 0.460024193143483
0.723352646326345 0.140015414049856
0.29834630866458 0.140015414049856
0.29834630866458 0.763809861039654
0.738496961415977 0.763809861039654
0.738496961415977 0.270794681865161
0.896423133973229 0.270794681865161
0.896423133973229 0.169134994116209
0.886287578328647 0.169134994116209
0.886287578328647 0.743340219251504
0.152370871115649 0.743340219251504
0.152370871115649 0.67980597898355
0.577436714702024 0.67980597898355
0.577436714702024 0.556927313821822
0.483684483675139 0.556927313821822
0.483684483675139 0.447668302547032
0.299157415190319 0.447668302547032
0.299157415190319 0.182568376503218
0.66010261823428 0.182568376503218
0.66010261823428 0.0891561964941938
0.443003269584385 0.0891561964941938
0.443003269584385 0.639371973294472
0.879507591891804 0.639371973294472
0.879507591891804 0.782433737433717
0.889405854926168 0.782433737433717
0.889405854926168 0.0658706496776411
0.156145231405341 0.0658706496776411
0.156145231405341 0.0826317924459613
0.0241980706454246 0.0826317924459613
0.0241980706454246 0.866955227156615
0.207968799028531 0.866955227156615
0.207968799028531 0.280711894519959
0.706592216485456 0.280711894519959
0.706592216485456 0.740638422658964
0.294602452914511 0.740638422658964
0.294602452914511 0.644912706522696
0.116838101352024 0.644912706522696
0.116838101352024 0.419406302468575
0.918529109060079 0.419406302468575
0.918529109060079 0.548012884123257
0.0294531979735257 0.548012884123257
0.0294531979735257 0.543599520131759
0.469435487626789 0.543599520131759
0.469435487626789 0.374875052540971
0.86591374821305 0.374875052540971
0.86591374821305 0.698206504666343
0.0106200245258492 0.698206504666343
0.0106200245258492 0.599540363810742
0.792885135762806 0.599540363810742
0.792885135762806 0.920158788058981
0.478981153331223 0.920158788058981
0.478981153331223 0.975169528729827
0.131785356035356 0.975169528729827
0.131785356035356 0.407505739204355
0.017020923559098 0.407505739204355
0.017020923559098 0.0839806730318725
0.260507822158052 0.0839806730318725
0.260507822158052 0.515912571230863
0.874404006113486 0.515912571230863
0.874404006113486 0.672626311738336
0.11464945045982 0.672626311738336
0.11464945045982 0.813791341527268
0.144936923470784 0.813791341527268
0.144936923470784 0.019332351172032
0.535371420222973 0.019332351172032
0.535371420222973 0.87165897659569
0.973213762498095 0.87165897659569
0.973213762498095 0.836798292043059
0.262324860907311 0.836798292043059
0.262324860907311 0.838771777152443
0.330830201195008 0.838771777152443
0.330830201195008 0.879751112721745
0.264039267443139 0.879751112721745
0.264039267443139 0.112089734111023
0.0597029985206681 0.112089734111023
0.0597029985206681 0.899403749452626
0.169936485667683 0.899403749452626
0.169936485667683 0.504632539350834
0.916519989220668 0.504632539350834
0.916519989220668 0.191199350259825
0.0552506251517919 0.191199350259825
0.0552506251517919 0.556604867594598
0.289746656683156 0.556604867594598
0.289746656683156 0.104039282586444
0.387974073825392 0.104039282586444
0.387974073825392 0.232799270298704
0.148926538484602 0.232799270298704
0.148926538484602 0.2990864772811
0.723617499099866 0.2990864772811
0.723617499099866 0.210621779882639
0.384404884364644 0.210621779882639
0.384404884364644 0.600925530121161
0.545002296355088 0.600925530121161
0.545002296355088 0.245902797321744
0.433363433663437 0.245902797321744
0.433363433663437 0.215661856446258
0.398662596660975 0.215661856446258
0.398662596660975 0.450103136454757
0.839503632317997 0.450103136454757
0.839503632317997 0.99425477161736
0.724992742168248 0.99425477161736
0.724992742168248 0.17382173248279
0.337215502903431 0.17382173248279
0.337215502903431 0.954113358610362
0.589328586863972 0.954113358610362
0.589328586863972 0.599230040609478
0.711130261286688 0.599230040609478
0.711130261286688 0.0196956219243331
0.347802740683687 0.0196956219243331
0.347802740683687 0.117617174106472
0.914044187364189 0.117617174106472
0.914044187364189 0.755875282807218
0.599392582010195 0.755875282807218
0.599392582010195 0.683204655853661
0.617375686586544 0.683204655853661
0.617375686586544 0.558044582865222
0.524044684844112 0.558044582865222
0.524044684844112 0.0408976408843406
0.63135827734664 0.0408976408843406
0.63135827734664 0.302572149924269
0.722732438111088 0.302572149924269
0.722732438111088 0.674127285216994
0.113180792943193 0.674127285216994
0.113180792943193 0.0517030810246724
0.454366892787799 0.0517030810246724
0.454366892787799 0.729904671073847
0.334748816366656 0.729904671073847
0.334748816366656 0.0181364701213951
0.678726300447586 0.0181364701213951
0.678726300447586 0.84404114207441
0.500741152791652 0.84404114207441
0.500741152791652 0.719833349212927
0.665128907032837 0.719833349212927
0.665128907032837 0.922265217603308
0.466206608091577 0.922265217603308
0.466206608091577 0.881428892669002
0.219389364691167 0.881428892669002
0.219389364691167 0.335633298072793
0.514710695722471 0.335633298072793
0.514710695722471 0.788744033215914
0.521669009012016 0.788744033215914
0.521669009012016 0.129230916560269
0.951283736597413 0.129230916560269
0.951283736597413 0.606000324993395
0.29657759251845 0.606000324993395
0.29657759251845 0.628529601557427
0.00153294811096645 0.628529601557427
0.00153294811096645 0.861797640501427
0.6285271107352 0.861797640501427
0.6285271107352 0.875318850798215
0.691617171602145 0.875318850798215
0.691617171602145 0.357764955776634
0.818744859108117 0.357764955776634
0.818744859108117 0.536931482393728
0.271522333506272 0.536931482393728
0.271522333506272 0.0508654569512538
0.0606409395395969 0.0508654569512538
0.0606409395395969 0.285512421878759
0.499746465822564 0.285512421878759
0.499746465822564 0.859423915790126
0.264481224242822 0.859423915790126
0.264481224242822 0.692993791165293
0.340969321476747 0.692993791165293
0.340969321476747 0.503761598609277
0.61687602131482 0.503761598609277
0.61687602131482 0.194210838151263
0.0907463757743809 0.194210838151263
0.0907463757743809 0.677127364406887
0.216998047762084 0.677127364406887
0.216998047762084 0.735946793917542
0.338655218174055 0.735946793917542
0.338655218174055 0.188411386771319
0.526186945161869 0.188411386771319
0.526186945161869 0.842614244130726
0.780903140912253 0.842614244130726
0.780903140912253 0.593501521550818
0.722843548619581 0.593501521550818
0.722843548619581 0.507180467949799
0.755125488506223 0.507180467949799
0.755125488506223 0.825837291230372
0.72837172296288 0.825837291230372
0.72837172296288 0.472951175865229
0.389609359386195 0.472951175865229
0.389609359386195 0.803407449649371
0.152423970472265 0.803407449649371
0.152423970472265 0.142976197015017
0.90108849010481 0.142976197015017
0.90108849010481 0.128197424639108
0.650742884097035 0.128197424639108
0.650742884097035 0.415341151140323
0.820787953129405 0.415341151140323
0.820787953129405 0.933876942812408
0.835886832250229 0.933876942812408
0.835886832250229 0.655286779932346
0.524262808973092 0.655286779932346
0.524262808973092 0.828675217846723
0.788261595083522 0.828675217846723
0.788261595083522 0.447522137988136
0.989124303678574 0.447522137988136
0.989124303678574 0.102366754367187
0.537783225783046 0.102366754367187
0.537783225783046 0.324405583704079
0.644799592739344 0.324405583704079
0.644799592739344 0.892580316817658
0.53666363262416 0.892580316817658
0.53666363262416 0.503205784830826
0.831578010614765 0.503205784830826
0.831578010614765 0.976130614977391
0.756028341481475 0.976130614977391
0.756028341481475 0.678020811955454
0.328021908331673 0.678020811955454
0.328021908331673 0.553460471589798
0.530386933372536 0.553460471589798
0.530386933372536 0.673909174592192
0.131052192827245 0.673909174592192
0.131052192827245 0.791530048377593
0.303384431779098 0.791530048377593
0.303384431779098 0.537561871827376
0.351337628137012 0.537561871827376
0.351337628137012 0.473899824299803
0.293122348046453 0.473899824299803
0.293122348046453 0.962548951135273
0.0263844803098517 0.962548951135273
0.0263844803098517 0.80165689662176
0.915158840788137 0.80165689662176
0.915158840788137 0.404778275361647
0.35252455452109 0.404778275361647
0.35252455452109 0.870900165229524
0.318351435157634 0.870900165229524
0.318351435157634 0.95222792306553
0.805239926467296 0.95222792306553
0.805239926467296 0.275321410631445
0.518056164271224 0.275321410631445
0.518056164271224 0.652758734139036
0.288054065447326 0.652758734139036
0.288054065447326 0.403966139258801
0.828151583125885 0.403966139258801
0.828151583125885 0.497029042568537
0.266743817025211 0.497029042568537
0.266743817025211 0.649218185641439
0.311398186400252 0.649218185641439
0.311398186400252 0.924957875127419
0.372169083157633 0.924957875127419
0.372169083157633 0.972722072141581
0.0873192428086508 0.972722072141581
0.0873192428086508 0.267327481539607
0.403490009439872 0.267327481539607
0.403490009439872 0.161977657658038
0.5242345871051 0.161977657658038
0.5242345871051 0.732732760595499
0.525290786067625 0.732732760595499
0.525290786067625 0.250699723256146
0.0961845098511244 0.250699723256146
0.0961845098511244 0.515224479378771
0.809244406320734 0.515224479378771
0.809244406320734 0.575234274647773
0.298021103394228 0.575234274647773
0.298021103394228 0.843142696117583
0.977421476029522 0.843142696117583
0.977421476029522 0.131885357262513
0.150681230309737 0.131885357262513
0.150681230309737 0.960677845385241
0.657779179819757 0.960677845385241
0.657779179819757 0.803800418415945
0.872780885488158 0.803800418415945
0.872780885488158 0.0527004977002277
0.035404307318574 0.0527004977002277
0.035404307318574 0.8776281992335
0.385855109144866 0.8776281992335
0.385855109144866 0.727086053568444
0.963378465251708 0.727086053568444
0.963378465251708 0.806355389210561
0.270818054802165 0.806355389210561
0.270818054802165 0.702119442495573
0.16250163789955 0.702119442495573
0.16250163789955 0.368164472919034
0.59037986797764 0.368164472919034
0.59037986797764 0.0536624081682704
0.71433765381311 0.0536624081682704
0.71433765381311 0.64783135924853
0.00128826592177538 0.64783135924853
0.00128826592177538 0.190546896863052
0.346665578124423 0.190546896863052
0.346665578124423 0.585618674562135
0.426937136997905 0.585618674562135
0.426937136997905 0.554540203211149
0.179136900780321 0.554540203211149
0.179136900780321 0.00283168489245311
0.843514327818302 0.00283168489245311
0.843514327818302 0.712819790799552
0.105945035864573 0.712819790799552
0.105945035864573 0.985008887008302
0.519607566539015 0.985008887008302
0.519607566539015 0.134858459762697
0.498536955331702 0.134858459762697
0.498536955331702 0.350720341015011
0.267178695307662 0.350720341015011
0.267178695307662 0.568368664741688
0.0999411866534227 0.568368664741688
0.0999411866534227 0.0346187451084232
0.231923174221033 0.0346187451084232
0.231923174221033 0.525861810206371
0.776122548513172 0.525861810206371
0.776122548513172 0.797148533536656
0.769354295343791 0.797148533536656
0.769354295343791 0.718935396857064
0.979881668453981 0.718935396857064
0.979881668453981 0.394065067355551
0.352722841479221 0.394065067355551
0.352722841479221 0.4410799334017
0.984854406670134 0.4410799334017
0.984854406670134 0.244358695225957
0.128805042304473 0.244358695225957
0.128805042304473 0.329590116780992
0.130597091340738 0.329590116780992
0.130597091340738 0.960134333446684
0.614012267260818 0.960134333446684
0.614012267260818 0.0721605052576216
0.37686328141804 0.0721605052576216
0.37686328141804 0.318240682277009
0.873563596919907 0.318240682277009
0.873563596919907 0.0325726224261209
0.0341138714151987 0.0325726224261209
0.0341138714151987 0.673035318345314
0.621141017703871 0.673035318345314
0.621141017703871 0.978369578243405
0.286747822671546 0.978369578243405
0.286747822671546 0.135959595039468
0.203582487163871 0.135959595039468
0.203582487163871 0.811781296884539
0.100985777611372 0.811781296884539
0.100985777611372 0.0220112032359518
0.953721221514848 0.0220112032359518
0.953721221514848 0.679718908704686
0.415908185027497 0.679718908704686
0.415908185027497 0.475426455715404
0.414424348349881 0.475426455715404
0.414424348349881 0.549517044587767
0.816264379218344 0.549517044587767
0.816264379218344 0.708001740140841
0.574658534757168 0.708001740140841
0.574658534757168 0.785071833424769
0.650108843413232 0.785071833424769
0.650108843413232 0.402434394416602
0.727965384129419 0.402434394416602
0.727965384129419 0.861586340638616
0.856203844703829 0.861586340638616
0.856203844703829 0.190017449758024
0.0042613684219594 0.190017449758024
0.0042613684219594 0.538402621885018
0.736708073754193 0.538402621885018
0.736708073754193 0.19501819005004
0.191505383323648 0.19501819005004
0.191505383323648 0.781700504376414
0.161055148188516 0.781700504376414
0.161055148188516 0.199350551794912
0.491747938791173 0.199350551794912
0.491747938791173 0.103087230167858
0.176007515832785 0.103087230167858
0.176007515832785 0.790984717100386
0.432187574185518 0.790984717100386
0.432187574185518 0.843922073414513
0.19048258019168 0.843922073414513
0.19048258019168 0.540941544594682
0.340094155790328 0.540941544594682
0.340094155790328 0.962843203434182
0.290637473711109 0.962843203434182
0.290637473711109 0.449086133599787
0.913681931753495 0.449086133599787
0.913681931753495 0.655170635625334
0.545709985096804 0.655170635625334
0.545709985096804 0.0644952226730507
0.255896126039278 0.0644952226730507
0.255896126039278 0.668861541277199
0.743582147519841 0.668861541277199
0.743582147519841 0.0884917634951378
0.382463779012889 0.0884917634951378
0.382463779012889 0.631679476998597
0.945069934215895 0.631679476998597
0.945069934215895 0.759554677065254
0.122165733539577 0.759554677065254
0.122165733539577 0.0967303729135219
0.131698226617509 0.0967303729135219
0.131698226617509 0.665179865278853
0.0750732231303459 0.665179865278853
0.0750732231303459 0.905967587561331
0.830505819912304 0.905967587561331
0.830505819912304 0.172020717138434
0.51866376051617 0.172020717138434
0.51866376051617 0.216557633232585
0.983678516924232 0.216557633232585
0.983678516924232 0.311337118182023
0.373509528754982 0.311337118182023
0.373509528754982 0.0252796621179579
0.275814165955323 0.0252796621179579
0.275814165955323 0.730736461342655
