Matrix A:
         4         3         7         3         9         7
         2         2         3         3         5         7
         8         4         5         3         7         4
         3         9         5         7         9         6
         5         1         9         4         8         8
         3         9         8         8         8         9

 Inverse Matrix B:
    -0.133    0.0637     0.194   -0.0614   0.00414   0.00483
     0.276    -0.075    0.0819    -0.227    -0.344     0.265
      0.15    -0.257   -0.0322    -0.175     0.023     0.194
    -0.601    0.0588   -0.0826     0.434     0.488    -0.264
    0.0976   -0.0061   -0.0854     0.262     0.061    -0.262
    0.0828     0.235    0.0313    -0.216    -0.165     0.141

 Check that A*B = I:
         1 -4.44e-16 -1.67e-16         0         0  2.22e-16
         0         1  2.22e-16 -4.44e-16         0  1.11e-16
 -1.67e-16 -1.11e-16         1 -1.11e-16 -1.11e-16         0
 -4.44e-16 -2.22e-16  1.67e-16         1 -2.22e-16 -1.11e-16
         0 -6.66e-16  4.44e-16 -4.44e-16         1         0
 -9.99e-16         0 -3.89e-16  2.22e-16         0         1
