10 1.75565914366956 0.44364684329942 1.14605580918506 0.164281223957298
60 1.22284058401209 0.123215610152289 1.28521240249979 0.00489948006540126
110 1.63065586102806 0.245579495676803 1.28947000023589 0.00995531793697424
160 1.27925743961765 0.108822215638778 1.39127674211903 0.00473664941510043
210 1.24856290165253 0.0827232299918901 1.27720768153145 0.0123122043128095
260 1.12499611808631 0.0472358783923003 1.22720774774923 0.0016284722317608
310 1.32414577450712 0.0682250205063737 1.71153015116015 0.0539477576686134
360 1.32241190732263 0.0862754674444031 1.41080749960252 0.00775727693711917
410 1.35024789816553 0.150512129416803 1.32416815132061 0.00105263855273818
460 1.32380240465819 0.0885472323788325 1.30110004073921 0.00420828256663674
510 1.19049499435437 0.0442704822373324 1.27919050663272 0.000179957583727163
560 1.23770850687355 0.0458130513400224 1.3562917429084 0.00308427078366384
610 1.22363158814574 0.039311295526412 1.35505577232062 0.00210889979735747
660 1.36451088171675 0.0820944559448919 1.24749658871777 0.00309279220278324
710 1.29582646669192 0.0460664624171818 1.38559485708767 0.00244896706309858
760 1.29758160622197 0.0529233007005037 1.29860208030249 0.00507657958022946
810 1.25510228644888 0.0410539951222673 1.38752898925633 0.00143661977325875
860 1.25574629749268 0.0348476029920361 1.38372399225239 0.00269687885045216
910 1.36624870201661 0.0553523282607958 1.30190503390124 0.00357205759023378
960 1.47116792885953 0.0932414242928191 1.33879307203875 0.00247307075992646
