0.01 3.04156771498756 -0.00498584982764977
0.03 3.04136850533996 -0.0149301320832527
0.07 3.04037432808043 -0.0347786282477932
0.109357595109425 3.03862021294309 -0.0543837693962406
0.149041285957578 3.03606631679643 -0.0743797976196191
0.188833524921828 3.032701535325 -0.0948147282587976
0.228668467633676 3.02850842024121 -0.115813218736375
0.268458112319071 3.0234716319759 -0.137487541966034
0.308118755555092 3.01757647294306 -0.15994879108697
0.347571219919859 3.01080896231034 -0.183305121829427
0.386743798320412 3.00315543954695 -0.207661888439602
0.425573953985058 2.99460211081636 -0.233121691767863
0.464009177861831 2.98513456998653 -0.259784524981741
0.50200704766154 2.97473736816355 -0.287747937857108
0.539534693940959 2.96339366919376 -0.317107196234724
0.576567884890373 2.95108500641536 -0.347955416415441
0.613089930008724 2.93779113349079 -0.380383673136098
0.649090544810659 2.9234899541707 -0.414481076892688
0.684564780745094 2.90815750735523 -0.450334829173449
0.719512059377733 2.89176799290246 -0.488030243529208
0.753935352978287 2.87429381254819 -0.527650752726733
0.787840495384558 2.85570561931408 -0.569277884779315
0.82123562762251 2.83597235816754 -0.612991222699695
0.854130755055022 2.81506129343978 -0.658868339230489
0.886537411306667 2.79293800921152 -0.706984722855309
0.918468406754536 2.76956637936349 -0.757413690517548
0.949937642523373 2.74490850571931 -0.810226280690732
0.980960011666198 2.71892459161389 -0.865491187089393
1.01155132647322 2.69157278117201 -0.923274656927641
1.04172832075874 2.66280891062188 -0.983640455841777
1.07150869105898 2.63258618098264 -1.04664986263874
1.10091117488848 2.60085473736192 -1.11236170489505
1.12995570133153 2.567561094787 -1.18083253331258
1.15866357130391 2.53264742558462 -1.25211686695942
1.18705771151768 2.49605062845332 -1.32626762627535
1.21516299686715 2.45770113964383 -1.40333676846593
1.24300668306261 2.41752137491349 -1.48337626032453
1.27061894956174 2.37542372386449 -1.56643941940235
1.29803360026173 2.33130793183226 -1.65258277630257
1.32528903466504 2.28505754909538 -1.74186883299826
1.35242952661904 2.2365351708073 -1.83436987728835
1.37950703791024 2.18557577393108 -1.93017362293474
1.40658380964831 2.13197722015844 -2.02939155145704
1.43373625230786 2.07548615383744 -2.13217182616048
1.46106103834814 2.01577614725191 -2.23872010316558
1.48868510394477 1.95241212032523 -2.34933458389442
1.51678340909562 1.88478793805725 -2.46446985173313
1.54561314636743 1.81200729840591 -2.58486270119177
1.57558818800319 1.73262685617514 -2.71181175059742
1.60747059777632 1.64399973519909 -2.84790894849146
1.64298326799148 1.54017027273409 -2.99939325141437
1.67675501243551 1.4364654334554 -3.14168189364306
1.70606486576194 1.34260703827823 -3.26232056120671
1.73323924034943 1.25247539003329 -3.3705830455113
1.75898907518581 1.16440730260375 -3.46892554657782
1.78493901177534 1.07315835009626 -3.56280317295428
1.80968277146214 0.983953532162686 -3.64644975788959
1.83367641632807 0.895551836215747 -3.72119218018279
1.85713349253094 0.807473140749101 -3.78738516874961
1.88022479056266 0.719335676955602 -3.84515913482787
1.90309050648902 0.630834011278837 -3.89446998187237
1.92585422651156 0.541701970714162 -3.93514427553124
1.94863087649004 0.451693499210701 -3.96689808041517
1.97153197670673 0.360571627872182 -3.98934294922946
1.99466874854039 0.268105119555611 -4.0019842459485
2.01815246721433 0.174076325277868 -4.00421724773678
2.04208979219363 0.078309856039436 -3.9953313410378
2.06656819082113 -0.0192591412557199 -3.97454561513923
2.0916250248062 -0.11845536525132 -3.94112146333807
2.117202613376 -0.218691122899545 -3.89460248130746
2.14312621156327 -0.318908490532144 -3.83512325241047
2.16916650232485 -0.417868687673023 -3.76349627355469
2.19515900215673 -0.514640845352854 -3.68088139978451
2.2210604595341 -0.608803834073701 -3.58836288569452
2.24692352655396 -0.700314856583547 -3.48676170582108
2.27285592842484 -0.789323706761337 -3.37662585997607
2.29899599932862 -0.876056895642087 -3.25826535240496
2.32550435029366 -0.960764806621638 -3.13177468664079
2.352566465087 -1.04370553901419 -2.99702700584485
2.38040398198773 -1.12514941268068 -2.85363158262714
2.40929605429075 -1.2053978568587 -2.70084004085226
2.439616221653 -1.28481618268299 -2.5373719437919
2.47189034127018 -1.36386824083768 -2.36113647855139
2.50682845139248 -1.44300952328545 -2.16913002905131
2.54474630385552 -1.52130547274301 -1.9607483093031
2.58030136437724 -1.58756153814025 -1.76646365987301
2.61402934858525 -1.6440564564321 -1.58389714724048
2.6480144313029 -1.69479004649104 -1.40214089478538
2.68065411235373 -1.73773880043073 -1.22995248636658
2.71262314401935 -1.77439531495661 -1.06370057843194
2.74420096088405 -1.80542305193247 -0.901850397382461
2.77559293962666 -1.83123853408881 -0.743241052989983
2.80694946481644 -1.85208863545849 -0.586982199599372
2.83838871451834 -1.86810683173987 -0.43233373758338
2.87000715546926 -1.8793423478118 -0.278650966065318
2.90188541601172 -1.88577776352858 -0.125354605450308
2.93409142060902 -1.88734058480638 0.0280841363173657
2.96668217517918 -1.88391179858288 0.182150178843391
2.99970526075396 -1.87533274276232 0.337287483990769
3.03320123226792 -1.86141022172565 0.493903238506935
3.06720834670241 -1.84191813037784 0.652379211970805
3.10177138558441 -1.8165916861369 0.813097822765597
3.13695672048346 -1.78510751736607 0.976492217421973
3.17287641353536 -1.74703888903528 1.14313202677805
3.20972564291203 -1.70176883786639 1.31386090588439
3.24783707288205 -1.64833746487747 1.48999184863872
3.28771696950529 -1.58525602658516 1.67337138331399
3.32962582559223 -1.51111831545121 1.86428280806947
3.36677894796715 -1.43874725941821 2.03107153214123
3.40056459188965 -1.36760419311971 2.17982303679372
3.43200416674231 -1.29693868335907 2.31488522710815
3.46169952832827 -1.22634939876768 2.43866016373048
3.49004961422533 -1.15558732542145 2.55260397501763
3.51858225925573 -1.08117695426822 2.66229854553636
3.54587117939769 -1.00715580747325 2.76173898877135
3.57228852647662 -0.932990287040213 2.85214940819214
3.59801157884972 -0.858558380098418 2.93394140445909
3.62319044379315 -0.783746131890149 3.00737608401589
3.64794943750298 -0.708464408042727 3.07257806645248
3.67239580287776 -0.632638897794115 3.12957170386782
3.69662476586625 -0.556206199882624 3.17830167432818
3.72072300390252 -0.479111912917762 3.21864655544619
3.74477097419918 -0.401310514871416 3.25042808556749
3.76884441023233 -0.322766804403866 3.27341821687574
3.79301503700043 -0.243459213585414 3.28734557646941
3.81735058598098 -0.163384993216692 3.29190314352759
3.84191398453986 -0.082567746030404 3.28675899648213
3.86676186552295 -0.00106667860647048 3.27157222087582
3.89194260326519 0.0810134812572897 3.24601538900802
3.91749466819164 0.163515007997571 3.20980301809576
3.94344661960485 0.246226789959344 3.16272123889665
3.96982032282303 0.32889579755216 3.10464867515113
3.9966383544028 0.411251865652629 3.0355557620594
4.02393497354337 0.493040883561731 2.95547368000627
4.05176880798629 0.574057090832025 2.86443332389662
4.0802359045027 0.654167006359296 2.76238121038028
4.10948441568706 0.733325184284596 2.64907434414288
4.13973613418898 0.811590419619846 2.52393779911203
4.1713268970279 0.889160481057779 2.38583043321915
4.2047953562291 0.96646388894911 2.23256932925
4.24111295102114 1.04442514552997 2.05973406898639
4.28243479019654 1.12536371699097 1.85678688633441
4.32528926610171 1.20033333110805 1.64133668053366
4.36315156308872 1.2588296542216 1.44830203247677
4.3992757820423 1.30780108443768 1.26283930765512
4.43570486683985 1.35039020780639 1.07532973145711
4.47095076653303 1.38509513678631 0.894034342772257
4.50586334045537 1.41318088837281 0.71500576070485
4.54082349214849 1.43505619289996 0.536603368977057
4.57615909363745 1.45084781381241 0.357409282520256
4.61216905993211 1.46045006908071 0.176140668317692
4.64915870707306 1.46354549637134 -0.00849919682962234
4.68746773562082 1.45958548188235 -0.197925234223141
4.72751405623342 1.44772911041044 -0.393834653786516
4.76989725317675 1.42668768331011 -0.598618667674066
4.81571450003925 1.3942511279426 -0.816678204636933
4.867784799693 1.34537723715115 -1.05959983144212
4.91332928417165 1.29237719142645 -1.26690314012816
4.95325193854499 1.2382521756276 -1.44375554793422
4.98968481010527 1.18278398709617 -1.60036633972772
5.02361648618427 1.12607443734978 -1.74135899159141
5.05566057993406 1.06820739848799 -1.8694786237437
5.08622673134374 1.00926302794222 -1.98645049162938
5.1169861035893 0.946424995778638 -2.09828752216328
5.14636739233675 0.88328053751377 -2.19892349926724
5.17475429342093 0.819555017177534 -2.28975946156139
5.20233108960957 0.755269644055443 -2.37138442417571
5.22925164521202 0.690434493768062 -2.44421979532263
5.25564138895728 0.625067470683488 -2.50854379260678
5.2816059834813 0.559191145293577 -2.56453263577049
5.30723641882164 0.49283272428789 -2.6122862496716
5.33261255925478 0.426024439639873 -2.65184670144207
5.35780569509475 0.358804170465967 -2.68321206384774
5.38288034789852 0.291216424907527 -2.70634725919568
5.40789570590408 0.223313177016815 -2.7211931555497
5.43290675121224 0.155154709436392 -2.72767435414879
5.45796525750813 0.0868102023391577 -2.72570602083562
5.48312078588763 0.0183578887633767 -2.71519973537527
5.50842172673447 -0.0501151998721018 -2.69606811351101
5.53391654423613 -0.118514152113821 -2.66822774888654
5.55965521283627 -0.18673751260394 -2.63159995202344
5.5856909375408 -0.254679005960712 -2.58610872090697
5.61208206137634 -0.322229049459759 -2.53167572714306
5.63889407141971 -0.389275449441335 -2.46821252746063
5.66620131845987 -0.455701965050264 -2.39561144806515
5.69408766379022 -0.521382712469169 -2.31373881940547
5.72264403513375 -0.586168283232274 -2.22243988330927
5.7519583352578 -0.649855967284789 -2.12157699334988
5.78208813405506 -0.712131258017088 -2.0111476659655
5.81300233456671 -0.772471056783533 -1.89155573035368
5.84449567186501 -0.830048468614815 -1.76404253779243
5.87615949137229 -0.883809085443621 -1.6309172408905
5.90753564415664 -0.93285729161975 -1.49493600132646
5.93834092002975 -0.976810562289795 -1.35820750473112
5.96850856916666 -1.01573291131846 -1.22183553731248
5.99809333630087 -1.04987892990725 -1.08625173775601
6.02719161461345 -1.07953013373465 -0.951567147048428
6.05590605894613 -1.10493441020645 -0.817755440858934
6.08433445002934 -1.12629194795459 -0.684729660601663
6.11256810720118 -1.14375614065742 -0.552371380785945
6.14069346632295 -1.15743756157854 -0.420540977399426
6.16879437018999 -1.1674072161525 -0.289081408064627
6.1969541432705 -1.17369819244202 -0.157821004967959
6.22525717565818 -1.17630585636102 -0.0265775317059413
6.25379003286554 -1.1751870152846 0.10483580658989
6.28264234322988 -1.17025841987482 0.236602895170146
6.31190793899328 -1.16139465233066 0.368897243577281
6.34168672613348 -1.14842497905668 0.501875709946201
6.37208755609392 -1.13112840486417 0.635673246142756
6.40323143795852 -1.10922663509735 0.770393855367849
6.43525171065274 -1.08237789711966 0.906081305821153
6.46827957665951 -1.05018697044604 1.04262186603364
6.50238116726468 -1.01228601745149 1.17945664718742
6.53737935397084 -0.968621239516159 1.31490722450215
6.5725960570362 -0.919998311959946 1.44542089662606
6.60702190279562 -0.86813234361219 1.56667294228079
6.64004049645955 -0.814573018909532 1.67638589455619
6.67160522564017 -0.760090398870113 1.77459392005657
6.70190835833427 -0.704970638987698 1.86215263873705
6.7311704334095 -0.649325436153 1.93992524444439
6.7595825789021 -0.593215971408426 2.00859494102232
6.78730120920249 -0.536691630524288 2.06866977803399
6.81445400065357 -0.479801452317976 2.12052124902777
6.84114660688341 -0.422597394577443 2.16441994674604
6.86746803206548 -0.365135271642655 2.20056285929017
6.89349465903812 -0.307474999251837 2.22909356973046
6.9192931872467 -0.24968077613848 2.25011719370225
6.94492282798778 -0.191821232666428 2.26371167088626
6.97043691413043 -0.133969720749297 2.26993643971576
6.99588415083089 -0.0762045856759253 2.26883929811257
7.02130950707732 -0.0186096542641287 2.26046193610196
7.04675486379703 0.0387251674274038 2.24484459858872
7.07225937814618 0.0957030028577187 2.22203026827728
7.09785952405241 0.152218698392969 2.19206885783585
7.12358872962382 0.208156964050321 2.15502202787684
7.14947645084853 0.263389744556495 2.11096950244882
7.17554652728119 0.317772758182447 2.06001794947441
7.20181462848634 0.371141239458964 2.00231367673597
7.22828472782188 0.42330538687865 1.93806012102675
7.25494491064185 0.474046876202196 1.86753978690031
7.2817634594347 0.523118853204071 1.79113746161866
7.30868704247495 0.570252705657745 1.70935705480766
7.33564325038131 0.615174114510324 1.62282077420276
7.36254865086239 0.657627153149236 1.5322415386623
7.38932073859656 0.697399749839417 1.43837064513961
7.41588950916539 0.734341204330981 1.34193681206212
7.44220460815869 0.768366247365877 1.24359694946005
7.46823680977027 0.79944708715157 1.1439101521499
7.49397544326716 0.827599364502794 1.04333324167541
7.5194242013972 0.85286760215705 0.942229459584506
7.5445971730531 0.875313216954118 0.840881843846783
7.56951587316299 0.895005740171237 0.739506306836188
7.59420736556781 0.912016710867193 0.638262403892106
7.61870331612834 0.926415417130022 0.53726136526938
7.64303962418135 0.938265674298159 0.436572221166333
7.66725639861438 0.947623139787398 0.33622670214434
7.69139795239064 0.954532826683664 0.236224170422275
7.71561422973179 0.959040608952367 0.136118017081996
7.73993405569842 0.961132148256407 0.035961992894488
7.76436857160598 0.960786890871996 -0.0641158820644771
7.78893141538779 0.957983710843183 -0.163994521193914
7.81363649340953 0.952700432766537 -0.263548072603403
7.8384986529493 0.944913719664756 -0.362646006576493
7.86360938860445 0.93456403940758 -0.461445997299755
7.88908798795203 0.921545804724397 -0.560179159970893
7.91497567295 0.905764351502081 -0.658731346364216
7.94131996114262 0.887111700886139 -0.756973071438704
7.96816141039774 0.865476229142135 -0.854702094580214
7.99553112680585 0.840750240165893 -0.951630204499901
8.02344297867201 0.812844868841806 -1.04735457651415
8.05188110986476 0.781715027112369 -1.14132162167953
8.08078308316728 0.747396528964473 -1.23279217235917
8.1100251059512 0.710048397286436 -1.32083669618888
8.13942373637477 0.669976596121762 -1.40440371665503
8.16876676560992 0.627608183965047 -1.48247620071566
8.19786362699302 0.583414514480016 -1.55424899488839
8.22658415486324 0.537828275774333 -1.61922006407592
8.25486628364177 0.491199414232447 -1.67716318631274
8.28270106865354 0.443793388261146 -1.72803957872186
8.31011235837157 0.395809886790019 -1.77191226128512
8.33714074759206 0.347403960136267 -1.8088882922439
8.36383351599069 0.298702520180761 -1.83908712265301
8.39023906657076 0.249815619975808 -1.86262599422519
8.41640411903088 0.20084379766559 -1.87961483516987
8.44237240176276 0.151882868783084 -1.89015598255856
8.46818408462482 0.103027172907244 -1.89434622445237
8.49387554651091 0.0543718807145181 -1.89227993564682
8.51947920153431 0.00601483083141178 -1.88405276446701
8.54502330659558 -0.0419419777424583 -1.86976570480093
8.5705316092725 -0.0893909945879292 -1.84952957594299
8.59602286892573 -0.136217932219711 -1.82346997494635
8.62151019070676 -0.18230073604149 -1.79173279657808
8.64700025326938 -0.227508938539646 -1.75449025913838
8.67249254195363 -0.271703669643971 -1.71194713389719
8.69797875839829 -0.314738651136163 -1.6643465499544
8.72344265896564 -0.356462541576499 -1.61197432233238
8.74886061475458 -0.396722899964826 -1.55516037941925
8.77420303258593 -0.435371591136942 -1.49427604624925
8.79943662778665 -0.472271081172681 -1.42972646796053
8.8245272433849 -0.507300598285359 -1.36193865646581
8.84944270834742 -0.540361011181602 -1.29134688703362
8.87415521858744 -0.571377585967885 -1.21837786105932
8.89864285627462 -0.60030031674267 -1.14343802996239
8.92289023658439 -0.62710225227319 -1.06690430716535
8.94688841612049 -0.651776472561574 -0.989118543423625
8.97063436052021 -0.67433247866124 -0.910385163563833
8.99413027647027 -0.694792589203957 -0.830970928380615
9.01738296005025 -0.71318861625225 -0.751106058482305
9.04040335538011 -0.729559003441301 -0.670985737717481
9.06325673253086 -0.743976125836064 -0.590593548756515
9.08614642089933 -0.756566485272389 -0.509398298338938
9.10905730359495 -0.767301277681543 -0.427622619933591
9.13200189450836 -0.776169967649638 -0.34538726366512
9.1549894975101 -0.783160773705813 -0.26282060619248
9.17803000998154 -0.788262595507287 -0.180046248816861
9.20113341788833 -0.791464679860701 -0.0971859719150308
9.22430989772116 -0.792756584154439 -0.0143605747875012
9.24756985983669 -0.792128133405822 0.068309023555718
9.27092403574185 -0.78956939142115 0.150700787268359
9.29438356474579 -0.785070633724184 0.23269050468425
9.31796006505744 -0.778622330764963 0.314150611030647
9.34166566993038 -0.770215162149272 0.394948827659359
9.36551300113715 -0.759840099530743 0.474946537445653
9.38951501382548 -0.747488634421403 0.5539967138354
9.41368468106884 -0.733153245310143 0.631941383577724
9.43803440289187 -0.716828272554256 0.708608395626348
9.46262367448046 -0.69847329514846 0.783954284148115
9.48766014259447 -0.677909608407667 0.858335441198778
9.5131271868625 -0.655114459279345 0.931375243056088
9.53902652061556 -0.63006184587137 1.00272941374774
9.5653404997915 -0.602757501573667 1.07197905123121
9.59203250356985 -0.573246227004343 1.13864522885006
9.61904334810527 -0.541623026821969 1.20219800581832
9.64629215524106 -0.508038762110535 1.26208210878222
9.67368269061242 -0.472696566169671 1.31775645424489
9.70111482350841 -0.435837229081357 1.36873918123606
9.72849757640907 -0.397717277824438 1.41464379101538
9.75575907614818 -0.358587333778653 1.45519503108047
9.78285063730285 -0.318677294828009 1.49022336802478
9.80974549823246 -0.278190179623882 1.51964597508137
9.8364344753546 -0.237302723613532 1.5434439522347
9.86292081146988 -0.196169535271588 1.56164238326776
9.88921554098082 -0.15492833195659 1.57429574093498
9.91533385082368 -0.113704872305695 1.58147858012842
9.94129240060287 -0.0726170836129686 1.58328042385197
9.96710741161739 -0.0317782822306986 1.57980365112102
9.99279331412792 0.00870044233258601 1.57116339862636
10 0.0200115109356243 1.56781828455001
